fund number,Beta1,Beta2,Beta3,Beta4,Beta5,Beta6,Beta7,Beta8
2413.0,0.13952,0.06071,0.12752,0.14642,0.197,0.10665,0.11642,0.10576
2724.0,0.1017,0.07222,0.13716,0.13193,0.24666,0.10883,0.09892,0.10257
2729.0,0.10423,0.06602,0.12257,0.27237,0.13802,0.10724,0.09634,0.09321
2731.0,0.09857,0.0505,0.12234,0.06667,0.40457,0.0872,0.08607,0.08406
2733.0,0.10785,0.05775,0.13287,0.15086,0.25397,0.10689,0.09237,0.09744
2755.0,0.12355,0.08327,0.1159,0.12194,0.21316,0.13415,0.10504,0.10299
2761.0,0.12943,0.08261,0.10403,0.16786,0.13905,0.14513,0.12306,0.10883
2762.0,0.12947,0.08314,0.10361,0.16766,0.13974,0.14443,0.1231,0.10886
2771.0,0.04901,0.03816,0.11348,0.18421,0.44474,0.02313,0.0576,0.08968
2777.0,0.15732,0.05458,0.12465,0.15982,0.138,0.12862,0.14263,0.09438
2813.0,0.1179,0.10236,0.10547,0.15854,0.20775,0.10175,0.10781,0.09841
2815.0,0.09222,0.14863,0.11773,0.22027,0.1063,0.11594,0.10599,0.09292
2816.0,0.06864,0.1396,0.14204,0.29167,0.08178,0.09923,0.08081,0.09623
2818.0,0.06638,0.14312,0.1387,0.29174,0.09027,0.09324,0.08032,0.09623
2828.0,0.06662,0.14439,0.13818,0.29163,0.08827,0.09441,0.08038,0.09611
2842.0,0.09809,0.14004,0.11411,0.20992,0.14633,0.10154,0.08822,0.10174
2843.0,0.09742,0.13969,0.11412,0.21101,0.14676,0.10128,0.08795,0.10176
2844.0,0.09718,0.13961,0.11408,0.21098,0.14583,0.10174,0.08783,0.10276
2906.0,0.10234,0.05555,0.12449,0.30342,0.12254,0.06929,0.14467,0.07769
2908.0,0.12779,0.12548,0.12815,0.12759,0.11923,0.12506,0.13432,0.11238
2911.0,0.11917,0.07292,0.11587,0.24272,0.15011,0.08012,0.13827,0.08082
2912.0,0.1189,0.07326,0.11557,0.24324,0.14986,0.08008,0.1382,0.08088
2915.0,0.10201,0.05646,0.12347,0.30366,0.1227,0.06917,0.14477,0.07777
2926.0,0.0941,0.08667,0.13441,0.13325,0.24648,0.09908,0.1004,0.10562
2927.0,0.09333,0.08956,0.1343,0.13642,0.23873,0.10131,0.09996,0.10639
2928.0,0.09408,0.08809,0.13273,0.13359,0.24583,0.09952,0.10057,0.10558
2931.0,0.11867,0.07281,0.11655,0.24425,0.1483,0.08042,0.13804,0.08097
2936.0,0.07345,0.14749,0.08408,0.34953,0.0767,0.07868,0.11183,0.07825
2937.0,0.07445,0.14448,0.0848,0.34898,0.07728,0.07916,0.11241,0.07843
2938.0,0.07422,0.14549,0.08445,0.34897,0.07694,0.07933,0.11219,0.07842
2943.0,0.10153,0.05683,0.12325,0.30439,0.1223,0.06926,0.14477,0.07767
2944.0,0.10113,0.05706,0.1238,0.30429,0.12211,0.06909,0.14481,0.07771
2945.0,0.10237,0.05553,0.12449,0.3033,0.12259,0.06931,0.1447,0.0777
2949.0,0.11905,0.07308,0.11611,0.24301,0.14904,0.08057,0.13815,0.081
2959.0,0.11933,0.07227,0.11661,0.24324,0.14864,0.08086,0.13809,0.08097
2960.0,0.12229,0.08809,0.10468,0.27302,0.09117,0.10282,0.13152,0.08641
2989.0,0.08783,0.05915,0.11525,0.12107,0.39138,0.05185,0.09029,0.08318
2999.0,0.08852,0.05932,0.11289,0.11958,0.39427,0.05202,0.09075,0.08264
3006.0,0.08989,0.05861,0.11537,0.12373,0.38294,0.0539,0.09141,0.08413
3024.0,0.16282,0.05323,0.11316,0.16666,0.13481,0.13646,0.12531,0.10756
3078.0,0.11175,0.12079,0.09681,0.11104,0.24037,0.11512,0.10887,0.09525
3081.0,0.09135,0.09107,0.12616,0.14268,0.26389,0.09355,0.09002,0.10127
3087.0,0.11181,0.12041,0.09717,0.11098,0.24028,0.11519,0.10894,0.09521
3088.0,0.11205,0.12007,0.09704,0.11077,0.24051,0.11543,0.1089,0.09523
3089.0,0.11181,0.12056,0.09695,0.11109,0.24,0.11539,0.10889,0.09531
3313.0,0.12855,0.06179,0.12521,0.18198,0.153,0.12451,0.12276,0.1022
3314.0,0.12859,0.06301,0.12373,0.18184,0.1543,0.12337,0.12288,0.10229
3315.0,0.13083,0.06162,0.12341,0.17825,0.15901,0.12192,0.12274,0.10223
3317.0,0.13167,0.07199,0.10872,0.19185,0.15595,0.10783,0.13039,0.10161
3318.0,0.13198,0.07232,0.10777,0.19244,0.15449,0.10882,0.13044,0.10175
3319.0,0.13219,0.07197,0.10802,0.19244,0.15442,0.1089,0.13031,0.10174
3324.0,0.10755,0.0641,0.14341,0.19635,0.18921,0.0922,0.1045,0.10267
3361.0,0.11148,0.08416,0.10464,0.2394,0.19774,0.06948,0.10568,0.08742
3362.0,0.11131,0.08449,0.10444,0.23798,0.20116,0.06802,0.10553,0.08708
3363.0,0.11139,0.08495,0.10446,0.23896,0.19867,0.06896,0.10542,0.0872
3369.0,0.10595,0.10165,0.14276,0.15663,0.16341,0.11161,0.10664,0.11135
3370.0,0.10259,0.10919,0.13947,0.16017,0.15672,0.11512,0.10406,0.11267
3371.0,0.10302,0.10817,0.13939,0.15775,0.16302,0.11241,0.104,0.11224
3372.0,0.10667,0.1018,0.1425,0.15548,0.16405,0.11133,0.10713,0.11103
3394.0,0.18283,0.06072,0.10573,0.17845,0.09104,0.12607,0.17873,0.07644
3395.0,0.18144,0.06145,0.10559,0.17972,0.09124,0.1252,0.17899,0.07638
3396.0,0.18278,0.06093,0.1053,0.17842,0.09135,0.12598,0.17893,0.07631
3400.0,0.10893,0.05705,0.10406,0.33147,0.11474,0.09434,0.09379,0.09563
3404.0,0.11124,0.05753,0.10452,0.32316,0.11738,0.09388,0.09376,0.09854
3405.0,0.11115,0.05571,0.10744,0.32508,0.12222,0.08998,0.09316,0.09527
3412.0,0.0978,0.0315,0.14439,0.08132,0.41392,0.06993,0.07918,0.08196
3413.0,0.11013,0.05255,0.13705,0.17331,0.24688,0.08815,0.09512,0.0968
3414.0,0.11041,0.05683,0.10595,0.32764,0.11778,0.09271,0.09321,0.09548
3421.0,0.11245,0.05531,0.13119,0.16472,0.24745,0.0914,0.09706,0.10041
3429.0,0.11038,0.05769,0.132,0.17208,0.23662,0.09301,0.09675,0.10147
3436.0,0.11058,0.05316,0.13571,0.17062,0.25253,0.0861,0.09551,0.0958
3437.0,0.09732,0.02764,0.14517,0.0721,0.43123,0.06788,0.07607,0.08259
3438.0,0.09688,0.03293,0.14184,0.08052,0.41007,0.07261,0.07934,0.08581
3439.0,0.09721,0.03281,0.14447,0.08473,0.40928,0.06941,0.07993,0.08217
3443.0,0.116,0.06275,0.12328,0.24959,0.10276,0.11371,0.12452,0.10739
3450.0,0.12627,0.12069,0.12599,0.12781,0.13259,0.13614,0.09448,0.13602
3460.0,0.1267,0.12126,0.12649,0.12808,0.13116,0.13529,0.09792,0.13312
3461.0,0.09404,0.13623,0.09149,0.08211,0.23289,0.12346,0.10587,0.13392
3476.0,0.10492,0.09642,0.07655,0.16471,0.16371,0.111,0.12093,0.16176
3478.0,0.10495,0.08102,0.13454,0.16686,0.20202,0.1033,0.10681,0.1005
3479.0,0.10414,0.08288,0.13331,0.16799,0.19976,0.10409,0.10696,0.10087
3501.0,0.11632,0.06232,0.12365,0.24913,0.10337,0.11328,0.12448,0.10745
3528.0,0.11801,0.07526,0.11165,0.09171,0.31793,0.08496,0.09904,0.10145
3532.0,0.1305,0.06118,0.11735,0.18728,0.15841,0.12173,0.12008,0.10346
3542.0,0.11377,0.07723,0.11695,0.26598,0.09755,0.11575,0.1041,0.10866
3566.0,0.15997,0.08777,0.10939,0.11979,0.16651,0.13357,0.12255,0.10045
3573.0,0.10809,0.08735,0.10695,0.25091,0.1194,0.09447,0.12943,0.10342
3574.0,0.12035,0.08663,0.10524,0.21014,0.13083,0.10836,0.13424,0.10421
3584.0,0.10485,0.06814,0.13454,0.21621,0.1394,0.1227,0.09401,0.12015
3585.0,0.1046,0.06782,0.13504,0.21694,0.13955,0.12237,0.09392,0.11976
3586.0,0.10386,0.06947,0.13358,0.21688,0.13778,0.12389,0.09403,0.12051
3587.0,0.10327,0.06865,0.13683,0.21947,0.13849,0.12043,0.09285,0.12002
3594.0,0.10815,0.07178,0.16135,0.13844,0.17601,0.13996,0.09744,0.10687
3596.0,0.07945,0.21796,0.08651,0.11863,0.17704,0.1114,0.11368,0.09533
3617.0,0.09769,0.00621,0.17231,0.00325,0.65628,0.02289,0.03069,0.01069
3618.0,0.10274,0.19008,0.13547,0.11299,0.10346,0.13035,0.10261,0.1223
3619.0,0.1057,0.08122,0.16105,0.18868,0.1466,0.10435,0.10974,0.10266
3620.0,0.12521,0.09665,0.1189,0.18629,0.12327,0.11864,0.13389,0.09716
3689.0,0.10062,0.07763,0.12176,0.2679,0.11333,0.08958,0.13967,0.08951
3702.0,0.08787,0.27715,0.07409,0.15602,0.08362,0.10755,0.13857,0.07514
3711.0,0.11554,0.07157,0.13836,0.19333,0.16237,0.09018,0.12943,0.09923
3712.0,0.17211,0.06751,0.07908,0.08322,0.18885,0.21407,0.10202,0.09313
3714.0,0.0788,0.11088,0.07372,0.40108,0.05263,0.08923,0.11452,0.07914
3715.0,0.10233,0.1002,0.11689,0.18686,0.14823,0.12719,0.11286,0.10544
3716.0,0.12776,0.06346,0.1273,0.15723,0.14447,0.12796,0.14622,0.10561
3719.0,0.08648,0.21087,0.13221,0.16345,0.07384,0.14125,0.10456,0.08733
3721.0,0.10005,0.1173,0.09103,0.23603,0.17318,0.06365,0.14026,0.0785
3722.0,0.16278,0.053,0.11376,0.16634,0.1376,0.13393,0.1252,0.10738
3746.0,0.16442,0.05251,0.11287,0.16462,0.13814,0.13462,0.1254,0.10743
3747.0,0.10216,0.11039,0.09327,0.23316,0.17882,0.06317,0.14063,0.0784
3750.0,0.16338,0.05263,0.11354,0.16636,0.1354,0.13583,0.12522,0.10765
3753.0,0.10281,0.10986,0.09315,0.23207,0.17943,0.0634,0.14086,0.07842
3790.0,0.15589,0.07276,0.10822,0.14422,0.18187,0.09732,0.15579,0.08393
3791.0,0.15665,0.07142,0.10828,0.14299,0.18495,0.09622,0.15574,0.08376
3792.0,0.15594,0.07176,0.10886,0.14398,0.18244,0.09725,0.15588,0.08389
3920.0,0.1529,0.05804,0.11015,0.17477,0.14069,0.12624,0.13162,0.1056
3932.0,0.15294,0.05855,0.1096,0.17398,0.14088,0.1265,0.1318,0.10575
3938.0,0.15477,0.05663,0.11064,0.17113,0.14108,0.12822,0.1319,0.10563
3944.0,0.15233,0.05667,0.11223,0.17794,0.13837,0.1268,0.13111,0.10455
3946.0,0.1581,0.0333,0.14199,0.17849,0.16524,0.11021,0.13481,0.07787
3957.0,0.09964,0.11252,0.08098,0.24617,0.11071,0.11934,0.10076,0.12988
4068.0,0.13301,0.07552,0.10212,0.18423,0.13789,0.13202,0.12642,0.1088
4069.0,0.11933,0.09284,0.1004,0.17955,0.16288,0.11325,0.12113,0.11061
4071.0,0.13227,0.07641,0.10223,0.18471,0.13942,0.12998,0.12633,0.10865
4072.0,0.13284,0.07597,0.10191,0.18432,0.13838,0.13143,0.12643,0.10872
4266.0,0.14305,0.04298,0.12088,0.2297,0.1226,0.12206,0.1136,0.10512
4267.0,0.14314,0.04305,0.12087,0.22941,0.12295,0.12186,0.11364,0.10508
4268.0,0.14291,0.0431,0.12111,0.23,0.12272,0.12164,0.11348,0.10503
4269.0,0.14295,0.0431,0.12087,0.22994,0.12276,0.12174,0.11353,0.1051
4270.0,0.125,0.125,0.125,0.125,0.125,0.125,0.125,0.125
4281.0,0.10996,0.05977,0.1394,0.26691,0.0995,0.1191,0.1058,0.09956
4291.0,0.10991,0.05983,0.13949,0.26676,0.09939,0.11918,0.10585,0.09958
4301.0,0.11001,0.05998,0.13909,0.26675,0.09935,0.11926,0.10587,0.09968
4307.0,0.12446,0.11768,0.12386,0.12677,0.13869,0.14048,0.07945,0.1486
4308.0,0.12445,0.11755,0.12385,0.12681,0.13885,0.14073,0.0789,0.14886
4309.0,0.12441,0.11758,0.1238,0.12675,0.13887,0.14063,0.079,0.14897
4310.0,0.12442,0.11759,0.12381,0.12676,0.13884,0.14062,0.07906,0.14891
4314.0,0.10978,0.05984,0.13937,0.26736,0.09908,0.11922,0.10576,0.09959
4334.0,0.15169,0.04413,0.11119,0.21671,0.13628,0.11551,0.12425,0.10023
4335.0,0.15262,0.0435,0.11126,0.215,0.13868,0.11446,0.12444,0.10006
4336.0,0.15224,0.04411,0.11069,0.21528,0.13915,0.11402,0.1246,0.09991
4353.0,0.11841,0.05988,0.11271,0.12128,0.29686,0.08615,0.08401,0.1207
4354.0,0.14369,0.04817,0.10374,0.11267,0.28228,0.10304,0.08586,0.12055
4355.0,0.14106,0.05234,0.10089,0.11508,0.27821,0.10423,0.08651,0.12168
4356.0,0.125,0.125,0.125,0.125,0.125,0.125,0.125,0.125
4365.0,0.10788,0.0332,0.16815,0.26782,0.12292,0.0956,0.07816,0.12628
4374.0,0.10592,0.03352,0.16811,0.26906,0.12517,0.09364,0.07804,0.12654
4384.0,0.10958,0.03357,0.16725,0.25553,0.13242,0.09572,0.07992,0.126
4394.0,0.10696,0.03293,0.16606,0.2729,0.12464,0.09279,0.07828,0.12543
4456.0,0.09216,0.06842,0.15966,0.23164,0.16735,0.09019,0.08623,0.10436
4461.0,0.138,0.04179,0.12414,0.24535,0.11692,0.11987,0.11165,0.10229
4462.0,0.14128,0.04385,0.11988,0.23106,0.12468,0.1205,0.11342,0.10533
4488.0,0.0974,0.0872,0.12141,0.08792,0.30723,0.1055,0.0942,0.09914
4489.0,0.09692,0.0867,0.12143,0.08738,0.31101,0.10395,0.09357,0.09903
4490.0,0.09737,0.0875,0.12045,0.08729,0.30937,0.10487,0.09397,0.09918
4491.0,0.09738,0.08538,0.12039,0.08657,0.3147,0.10333,0.09377,0.09849
4492.0,0.125,0.125,0.125,0.125,0.125,0.125,0.125,0.125
4504.0,0.11474,0.0787,0.10298,0.23063,0.15918,0.07841,0.14821,0.08716
4512.0,0.1283,0.05408,0.10927,0.22835,0.09488,0.13856,0.15272,0.09384
4513.0,0.12822,0.05458,0.1091,0.2285,0.0947,0.13828,0.15272,0.09389
4514.0,0.13467,0.04885,0.11378,0.22422,0.10207,0.13146,0.15309,0.09186
4515.0,0.13493,0.04903,0.11368,0.22339,0.10332,0.1306,0.15325,0.09178
4516.0,0.13493,0.04898,0.11359,0.22349,0.10275,0.13115,0.15324,0.09187
4517.0,0.11293,0.06669,0.12086,0.22653,0.12334,0.10682,0.14604,0.0968
4518.0,0.07337,0.11326,0.09233,0.30778,0.07627,0.09656,0.09938,0.14106
4571.0,0.11092,0.04355,0.1392,0.25982,0.10164,0.12479,0.08591,0.13418
4572.0,0.11195,0.04229,0.14,0.25781,0.10161,0.12503,0.08613,0.13518
4573.0,0.11056,0.04408,0.13507,0.26578,0.09838,0.12703,0.08613,0.13296
4574.0,0.10959,0.04541,0.13355,0.26639,0.09818,0.12711,0.08659,0.13317
4575.0,0.1108,0.0445,0.13554,0.26113,0.10154,0.12636,0.0864,0.13373
4576.0,0.11028,0.04362,0.13575,0.26649,0.09842,0.1267,0.08593,0.13282
4584.0,0.10799,0.03667,0.08852,0.44466,0.03441,0.13048,0.08465,0.07262
4585.0,0.10712,0.03818,0.09008,0.44139,0.03551,0.12969,0.0848,0.07322
4586.0,0.10932,0.0362,0.08909,0.44331,0.03487,0.12926,0.08495,0.073
4587.0,0.10719,0.03866,0.08905,0.44132,0.03507,0.13024,0.08519,0.07327
4588.0,0.10603,0.03761,0.08899,0.44583,0.03338,0.13147,0.08371,0.07297
4589.0,0.1084,0.03696,0.08856,0.44421,0.03514,0.12882,0.08518,0.07273
4636.0,0.16874,0.05038,0.09776,0.18021,0.15163,0.11546,0.13379,0.10202
4637.0,0.12959,0.03401,0.10232,0.13741,0.32413,0.07554,0.09655,0.10046
4638.0,0.12936,0.03405,0.10201,0.13333,0.32887,0.07565,0.09635,0.10038
4639.0,0.12926,0.03489,0.10202,0.1365,0.32341,0.07628,0.09694,0.10069
4640.0,0.12944,0.0338,0.10076,0.13405,0.32935,0.07531,0.09683,0.10046
4641.0,0.16818,0.05084,0.09812,0.18085,0.15078,0.11554,0.13368,0.102
4642.0,0.13003,0.08254,0.08514,0.12249,0.1943,0.12696,0.11273,0.14581
4643.0,0.16055,0.04933,0.09926,0.19341,0.13461,0.12233,0.14033,0.10017
4647.0,0.1602,0.05035,0.09801,0.19256,0.13699,0.12112,0.14084,0.09993
4695.0,0.1481,0.04795,0.11284,0.27088,0.07331,0.13133,0.13591,0.07969
4715.0,0.14131,0.15168,0.06348,0.18387,0.07346,0.16175,0.14256,0.08189
4717.0,0.11592,0.12112,0.10815,0.17321,0.11349,0.14617,0.11812,0.10383
4718.0,0.11612,0.12124,0.10814,0.17276,0.11381,0.14615,0.11806,0.10373
4719.0,0.11617,0.12076,0.10837,0.17279,0.1137,0.14635,0.11811,0.10375
4720.0,0.11585,0.12165,0.10798,0.17305,0.11381,0.14578,0.11808,0.10379
4721.0,0.11604,0.12098,0.10823,0.17307,0.11358,0.14625,0.11807,0.10379
4722.0,0.11608,0.12106,0.1081,0.17302,0.11349,0.14638,0.11811,0.10375
4723.0,0.11601,0.12156,0.10772,0.1729,0.11356,0.14637,0.11811,0.10377
4724.0,0.11608,0.12077,0.10832,0.17308,0.11349,0.14635,0.11811,0.10381
4725.0,0.11621,0.1211,0.10799,0.17287,0.11426,0.1457,0.11815,0.10373
4726.0,0.11613,0.12067,0.10844,0.17312,0.1139,0.14586,0.1181,0.10379
4727.0,0.11621,0.12084,0.10826,0.17305,0.11439,0.14537,0.1181,0.10378
4728.0,0.11593,0.12163,0.10789,0.17304,0.11397,0.14569,0.11809,0.10377
4729.0,0.11598,0.12165,0.10786,0.1729,0.11378,0.14601,0.11806,0.10376
4730.0,0.11587,0.12145,0.10805,0.1732,0.11356,0.14605,0.11806,0.10375
4752.0,0.1106,0.04179,0.16436,0.28353,0.11427,0.09619,0.09471,0.09454
4756.0,0.11158,0.0405,0.16571,0.28311,0.112,0.09811,0.09487,0.09411
4808.0,0.11835,0.03922,0.20391,0.17779,0.15291,0.10578,0.09862,0.10341
4984.0,0.11792,0.08004,0.12128,0.18854,0.14379,0.12111,0.11871,0.10862
4992.0,0.11778,0.08014,0.12137,0.18879,0.14371,0.12112,0.11867,0.10841
5000.0,0.11378,0.0628,0.14097,0.16182,0.20015,0.11805,0.09942,0.10301
5001.0,0.11818,0.07974,0.12117,0.18809,0.14443,0.12104,0.11883,0.10853
5030.0,0.11529,0.08023,0.11641,0.23767,0.11184,0.11237,0.12729,0.0989
5037.0,0.12589,0.12366,0.12565,0.1314,0.13106,0.13806,0.10358,0.1207
5038.0,0.12296,0.12304,0.12228,0.13438,0.13942,0.14758,0.08908,0.12128
5040.0,0.11502,0.08079,0.11596,0.23802,0.11163,0.11225,0.1273,0.09904
5046.0,0.09748,0.14911,0.10487,0.17894,0.10947,0.11728,0.15355,0.0893
5048.0,0.10685,0.07364,0.11853,0.1943,0.19725,0.09672,0.11577,0.09694
5049.0,0.08033,0.09015,0.13276,0.30427,0.09526,0.1008,0.08711,0.10932
5051.0,0.10687,0.09904,0.1278,0.13865,0.22457,0.07342,0.15794,0.0717
5052.0,0.10782,0.10826,0.11306,0.12231,0.21053,0.11846,0.10174,0.11782
5053.0,0.1152,0.07998,0.11681,0.23784,0.11096,0.11313,0.12719,0.09889
5054.0,0.07612,0.06319,0.11383,0.08696,0.41189,0.07552,0.07706,0.09543
5055.0,0.03378,0.00223,0.07868,0.00056,0.87005,0.00484,0.00719,0.00268
5062.0,0.11349,0.11294,0.12946,0.15003,0.17574,0.07702,0.17812,0.06321
5070.0,0.10453,0.13271,0.09402,0.18163,0.13351,0.10555,0.16862,0.07942
5071.0,0.10464,0.13273,0.0936,0.18186,0.1334,0.10544,0.16865,0.07967
5072.0,0.10532,0.13172,0.0938,0.18048,0.13609,0.10448,0.1687,0.07942
5077.0,0.13874,0.06341,0.1058,0.20902,0.12469,0.12254,0.1349,0.1009
5078.0,0.13811,0.0644,0.10536,0.20965,0.12495,0.12179,0.13462,0.10113
5079.0,0.13813,0.06425,0.10541,0.20966,0.12446,0.12231,0.13476,0.10102
5096.0,0.11238,0.13584,0.11138,0.14679,0.13918,0.15542,0.12536,0.07365
5205.0,0.06873,0.1375,0.10646,0.37695,0.0534,0.09396,0.08146,0.08154
5206.0,0.06849,0.13901,0.10626,0.37686,0.05369,0.09284,0.08137,0.08149
5207.0,0.06973,0.13696,0.10645,0.37356,0.05375,0.09558,0.08208,0.08189
5208.0,0.06831,0.13452,0.1077,0.37875,0.05024,0.09832,0.0806,0.08157
5210.0,0.0946,0.13414,0.16823,0.19245,0.19161,0.05725,0.08254,0.07916
5236.0,0.12907,0.04491,0.12075,0.06952,0.35079,0.09947,0.09471,0.09078
5269.0,0.13925,0.04684,0.10649,0.15658,0.13953,0.20937,0.09968,0.10225
5297.0,0.12095,0.05975,0.12398,0.24052,0.08744,0.13981,0.11484,0.11271
5305.0,0.12059,0.08862,0.11581,0.15712,0.17253,0.11923,0.1188,0.1073
5306.0,0.11983,0.08984,0.11615,0.158,0.17004,0.12003,0.11874,0.10737
5364.0,0.11637,0.07093,0.13303,0.24344,0.09351,0.12074,0.1298,0.09218
5369.0,0.06543,0.06025,0.05697,0.43705,0.19117,0.02113,0.09941,0.0686
5376.0,0.12239,0.11827,0.11005,0.14125,0.13566,0.13295,0.12488,0.11455
5377.0,0.12302,0.11674,0.11064,0.14066,0.13781,0.13198,0.12485,0.1143
5378.0,0.12283,0.11763,0.11031,0.14054,0.13718,0.13243,0.12485,0.11425
5379.0,0.1246,0.12631,0.09586,0.14559,0.13167,0.14477,0.12318,0.10803
5380.0,0.12473,0.1255,0.09626,0.14527,0.13187,0.14484,0.12337,0.10816
5381.0,0.12426,0.1258,0.09678,0.1458,0.13313,0.143,0.12305,0.10818
5386.0,0.11643,0.09984,0.11446,0.18648,0.12078,0.13896,0.11333,0.10972
5387.0,0.11657,0.09959,0.11452,0.18632,0.12132,0.13861,0.11332,0.10976
5388.0,0.11649,0.09986,0.11435,0.18639,0.12037,0.1395,0.11329,0.10973
5389.0,0.11107,0.08633,0.11545,0.22043,0.12924,0.11386,0.1193,0.10431
5390.0,0.11667,0.08741,0.10535,0.21133,0.13774,0.11501,0.11895,0.10754
5391.0,0.10961,0.08779,0.1126,0.22083,0.1279,0.11638,0.11742,0.10748
5395.0,0.10562,0.10774,0.10613,0.10614,0.26174,0.1012,0.1138,0.09762
5396.0,0.1061,0.10764,0.10656,0.10651,0.25893,0.10258,0.11384,0.09785
5397.0,0.02672,0.26635,0.01744,0.03499,0.54363,0.00322,0.082,0.02564
5399.0,0.11829,0.09805,0.08757,0.18884,0.13757,0.18879,0.09401,0.08688
5400.0,0.10522,0.10773,0.11173,0.15903,0.12381,0.14064,0.12109,0.13075
5444.0,0.13577,0.04604,0.08487,0.18465,0.12945,0.19189,0.14898,0.07835
5463.0,0.10986,0.1138,0.11299,0.15246,0.15797,0.15647,0.08894,0.10751
5468.0,0.13774,0.13989,0.13973,0.08034,0.11232,0.12987,0.0961,0.164
5469.0,0.1505,0.14275,0.14122,0.11891,0.11325,0.11176,0.11671,0.1049
5470.0,0.13316,0.35571,0.09065,0.10871,0.13229,0.0405,0.10877,0.0302
5586.0,0.13769,0.12319,0.11531,0.15439,0.13364,0.16018,0.08869,0.08691
5587.0,0.08427,0.03223,0.05331,0.05774,0.03637,0.43906,0.0958,0.20123
5588.0,0.1271,0.13066,0.13728,0.12978,0.12589,0.12193,0.11751,0.10985
5594.0,0.08892,0.07313,0.08602,0.17292,0.1205,0.19859,0.16316,0.09675
5596.0,0.0312,0.02177,0.10937,0.66712,0.0766,0.00833,0.03625,0.04935
5597.0,0.125,0.125,0.125,0.125,0.125,0.125,0.125,0.125
5598.0,0.11258,0.08811,0.07537,0.20366,0.13379,0.12236,0.17452,0.0896
5622.0,0.15014,0.12486,0.12278,0.12469,0.11084,0.11646,0.1357,0.11453
5623.0,0.11423,0.0623,0.08482,0.19194,0.09655,0.08515,0.28316,0.08185
5624.0,0.16589,0.08332,0.08798,0.2184,0.09318,0.0862,0.21514,0.04989
5625.0,0.21741,0.12696,0.11019,0.13171,0.10819,0.11585,0.09527,0.09442
5626.0,0.12685,0.10637,0.08726,0.15098,0.14479,0.13776,0.08491,0.16108
5627.0,0.16166,0.11992,0.13017,0.13742,0.10985,0.11506,0.09141,0.13451
5635.0,0.12753,0.1262,0.1314,0.12505,0.13208,0.132,0.10091,0.12482
5640.0,0.12527,0.10296,0.13948,0.12536,0.13407,0.12804,0.12932,0.1155
5655.0,0.12134,0.1005,0.08719,0.18485,0.12474,0.12013,0.14113,0.12012
5664.0,0.21143,0.13072,0.08532,0.11807,0.09578,0.09844,0.14691,0.11333
5674.0,0.07845,0.08035,0.10339,0.15454,0.12922,0.21202,0.073,0.16903
5679.0,0.09846,0.11273,0.13039,0.16414,0.12232,0.13767,0.1043,0.12999
5680.0,0.10768,0.11274,0.11903,0.13499,0.13554,0.14705,0.12858,0.1144
5681.0,0.0975,0.11917,0.10916,0.19718,0.15598,0.12966,0.09625,0.0951
5682.0,0.13492,0.1243,0.13192,0.13233,0.12269,0.14247,0.10329,0.10807
5683.0,0.12065,0.1218,0.1105,0.13255,0.14138,0.13072,0.1218,0.12059
5696.0,0.12251,0.09751,0.11077,0.15925,0.10187,0.1641,0.17815,0.06584
5697.0,0.12463,0.12473,0.11682,0.13563,0.14733,0.13266,0.11336,0.10484
5698.0,0.12463,0.12473,0.11682,0.13563,0.14733,0.13266,0.11336,0.10484
5699.0,0.13405,0.12681,0.12311,0.12684,0.12472,0.12428,0.11536,0.12483
5713.0,0.11093,0.13526,0.11259,0.15963,0.11203,0.15493,0.13784,0.0768
5715.0,0.11794,0.13183,0.12651,0.13579,0.13774,0.12606,0.10547,0.11866
5721.0,0.16639,0.09955,0.24333,0.13839,0.07059,0.14141,0.06578,0.07457
5722.0,0.13528,0.12212,0.11396,0.13618,0.12959,0.1351,0.11782,0.10994
5723.0,0.16636,0.04612,0.13849,0.18928,0.13761,0.11533,0.12669,0.08013
5727.0,0.13246,0.12233,0.11083,0.11516,0.11017,0.16245,0.14299,0.10362
5760.0,0.12345,0.12953,0.11901,0.1376,0.13202,0.1452,0.11496,0.09822
5761.0,0.125,0.125,0.125,0.125,0.125,0.125,0.125,0.125
5762.0,0.125,0.125,0.125,0.125,0.125,0.125,0.125,0.125
5763.0,0.11693,0.13258,0.11622,0.13891,0.13525,0.14428,0.12551,0.09032
5773.0,0.14319,0.04882,0.08178,0.15808,0.21318,0.17462,0.1273,0.05303
5787.0,0.125,0.125,0.125,0.125,0.125,0.125,0.125,0.125
5810.0,0.13204,0.1273,0.12667,0.1272,0.12489,0.12619,0.11494,0.12076
5826.0,0.07598,0.06665,0.11145,0.16925,0.14785,0.22856,0.09388,0.10639
5831.0,0.13625,0.07691,0.14682,0.0749,0.23071,0.08256,0.13477,0.11708
5882.0,0.16442,0.04241,0.10386,0.15413,0.19726,0.10021,0.15937,0.07834
5918.0,0.18354,0.02662,0.07727,0.04406,0.05911,0.45751,0.10216,0.04974
5920.0,0.13085,0.12192,0.13108,0.13215,0.12454,0.13678,0.10521,0.11749
5922.0,0.10749,0.11853,0.11524,0.11556,0.12597,0.13108,0.12187,0.16426
5939.0,0.07832,0.10116,0.1442,0.16977,0.11893,0.11552,0.11142,0.16068
5969.0,0.09225,0.12728,0.119,0.09807,0.17805,0.17329,0.09292,0.11914
5972.0,0.0777,0.11997,0.1073,0.12869,0.15341,0.21728,0.09563,0.10001
5974.0,0.10154,0.11688,0.09892,0.21602,0.11542,0.12925,0.09468,0.1273
5975.0,0.14182,0.12842,0.12485,0.12334,0.11916,0.12607,0.11536,0.12099
5994.0,0.07543,0.06798,0.07367,0.20786,0.17045,0.17557,0.09657,0.13247
6034.0,0.125,0.125,0.125,0.125,0.125,0.125,0.125,0.125
6041.0,0.12528,0.12213,0.09901,0.15035,0.14173,0.1386,0.12193,0.10096
6049.0,0.14345,0.12246,0.1165,0.13961,0.12961,0.13985,0.10346,0.10506
6081.0,0.10396,0.11115,0.10667,0.13938,0.13812,0.12595,0.15767,0.1171
6082.0,0.07306,0.17483,0.21755,0.11039,0.14691,0.0763,0.05114,0.14982
6083.0,0.19836,0.12232,0.16355,0.11696,0.09945,0.09446,0.11614,0.08877
6084.0,0.31147,0.05771,0.04885,0.27969,0.08106,0.08296,0.07879,0.05946
6085.0,0.12386,0.12534,0.12446,0.12759,0.12899,0.12817,0.11786,0.12374
6179.0,0.125,0.125,0.125,0.125,0.125,0.125,0.125,0.125
6183.0,0.13413,0.12628,0.13056,0.12873,0.12389,0.13048,0.1112,0.11473
6188.0,0.09574,0.13956,0.15747,0.1064,0.12879,0.15094,0.10862,0.11249
6300.0,0.138,0.11425,0.10567,0.17872,0.13064,0.1249,0.11104,0.09676
6301.0,0.0933,0.09529,0.07522,0.23817,0.14192,0.14048,0.0921,0.12352
6303.0,0.13902,0.12859,0.1175,0.14318,0.12637,0.13765,0.09964,0.10803
6304.0,0.13892,0.13154,0.13266,0.1277,0.12496,0.12491,0.10947,0.10982
6346.0,0.14719,0.12757,0.11687,0.14851,0.11592,0.11866,0.1182,0.10707
6347.0,0.11861,0.12557,0.11854,0.14144,0.13479,0.14005,0.10885,0.11216
6348.0,0.11863,0.12581,0.11864,0.141,0.13441,0.13957,0.10969,0.11224
6349.0,0.12511,0.1183,0.11899,0.148,0.14205,0.15196,0.11856,0.07702
6350.0,0.1234,0.13504,0.15629,0.11211,0.11327,0.11997,0.11479,0.12513
6351.0,0.12934,0.12889,0.12995,0.12817,0.12858,0.12981,0.11571,0.10956
6352.0,0.1212,0.11222,0.1538,0.21781,0.12604,0.05637,0.08776,0.1248
6353.0,0.125,0.125,0.125,0.125,0.125,0.125,0.125,0.125
6354.0,0.13508,0.13207,0.13049,0.13079,0.12537,0.12423,0.10855,0.11342
6355.0,0.07895,0.10117,0.12671,0.18385,0.10757,0.16728,0.12777,0.1067
6356.0,0.1271,0.13483,0.14001,0.11289,0.1216,0.12349,0.12214,0.11792
6357.0,0.12709,0.12738,0.1251,0.12832,0.13363,0.13832,0.10277,0.11739
6358.0,0.09867,0.0862,0.18224,0.09496,0.14063,0.17045,0.12245,0.1044
6359.0,0.125,0.125,0.125,0.125,0.125,0.125,0.125,0.125
6360.0,0.1371,0.12849,0.12716,0.13103,0.11866,0.11915,0.12227,0.11614
6361.0,0.13397,0.12575,0.12673,0.11803,0.10873,0.10333,0.14515,0.13831
6362.0,0.11664,0.12569,0.13048,0.12173,0.12542,0.13536,0.12799,0.11668
6385.0,0.11237,0.12364,0.13526,0.12217,0.11987,0.12737,0.14392,0.1154
6386.0,0.11693,0.1333,0.13848,0.12024,0.1249,0.13888,0.11643,0.11085
6387.0,0.11693,0.1333,0.13848,0.12024,0.1249,0.13888,0.11643,0.11085
6388.0,0.125,0.125,0.125,0.125,0.125,0.125,0.125,0.125
6405.0,0.0,0.26659,0.0,0.0,0.7334,0.0,1e-05,0.0
6406.0,0.00062,0.88376,0.00067,0.08833,6e-05,0.0167,0.00317,0.00669
6407.0,0.0132,0.32832,0.02735,0.38644,0.00062,0.15594,0.01405,0.07408
6408.0,0.05168,0.02465,0.12026,0.29361,0.37741,0.01747,0.05586,0.05905
6409.0,0.10475,0.092,0.08026,0.16007,0.16671,0.12104,0.17309,0.10209
6410.0,0.08753,0.08433,0.1212,0.17602,0.13342,0.1972,0.14108,0.05922
6411.0,0.11019,0.11823,0.12071,0.13152,0.147,0.13845,0.10625,0.12766
6412.0,0.08798,0.20382,0.04491,0.23204,0.04111,0.12119,0.12948,0.13947
6413.0,0.08465,0.12742,0.22899,0.13013,0.0658,0.11773,0.07731,0.16797
6467.0,0.10411,0.12248,0.1044,0.14583,0.14734,0.15446,0.12083,0.10056
6469.0,0.14816,0.13404,0.13005,0.11707,0.11886,0.10742,0.09951,0.1449
6470.0,0.15174,0.12588,0.12023,0.13838,0.12877,0.13495,0.08526,0.11479
6471.0,0.125,0.125,0.125,0.125,0.125,0.125,0.125,0.125
6617.0,0.17104,0.08719,0.16524,0.12441,0.11165,0.1516,0.08994,0.09891
6647.0,0.09312,0.02275,0.11378,0.12012,0.03726,0.40065,0.07242,0.13992
6648.0,0.12124,0.11314,0.10896,0.14569,0.13787,0.13653,0.1257,0.11088
6649.0,0.15765,0.04614,0.20173,0.13245,0.21456,0.06094,0.11239,0.07414
6650.0,0.03662,0.10251,0.05052,0.38432,0.01225,0.23808,0.04732,0.12838
6651.0,0.11277,0.11444,0.11106,0.16463,0.15142,0.14239,0.09497,0.10832
6652.0,0.10284,0.07664,0.15672,0.19199,0.17315,0.09342,0.11775,0.08751
6653.0,0.08691,0.15112,0.13197,0.25271,0.10387,0.13009,0.06378,0.07954
6655.0,0.12647,0.11165,0.10726,0.15205,0.13719,0.13788,0.1203,0.1072
6656.0,0.12783,0.11188,0.10877,0.15228,0.1334,0.1328,0.12636,0.10668
6657.0,0.10991,0.11876,0.13467,0.12058,0.14509,0.15734,0.12676,0.08689
6670.0,0.06063,0.16535,0.20579,0.16957,0.10609,0.10288,0.09249,0.0972
6676.0,0.10943,0.13539,0.08469,0.22635,0.12122,0.09857,0.12151,0.10284
6677.0,0.12956,0.12213,0.11576,0.16269,0.14078,0.13725,0.09537,0.09647
6678.0,0.10461,0.08382,0.07437,0.17426,0.1096,0.18822,0.15746,0.10767
6685.0,0.12398,0.12507,0.1258,0.12505,0.12499,0.12432,0.12596,0.12483
6710.0,0.10456,0.09072,0.14223,0.12215,0.13968,0.09854,0.16217,0.13996
6712.0,0.125,0.125,0.125,0.125,0.125,0.125,0.125,0.125
6716.0,0.13237,0.14828,0.05477,0.08513,0.30922,0.0598,0.09257,0.11787
6717.0,0.11431,0.11055,0.12007,0.14249,0.14519,0.15876,0.13208,0.07655
6718.0,0.125,0.125,0.125,0.125,0.125,0.125,0.125,0.125
6722.0,0.07074,0.26072,0.12453,0.06244,0.02819,0.28292,0.11644,0.05402
6726.0,0.13414,0.1157,0.10698,0.1312,0.13173,0.16243,0.15088,0.06693
6728.0,0.10743,0.09872,0.10424,0.16164,0.11544,0.14847,0.17697,0.08709
6731.0,0.13958,0.15989,0.14886,0.16738,0.10727,0.12213,0.08715,0.06775
6734.0,0.14449,0.16077,0.07754,0.1475,0.14414,0.07926,0.18144,0.06486
6738.0,0.16221,0.07091,0.12249,0.07573,0.18461,0.11866,0.16565,0.09974
6785.0,0.08662,0.20186,0.07734,0.16081,0.11296,0.14115,0.12161,0.09766
6787.0,0.17481,0.12512,0.15458,0.17667,0.10502,0.07935,0.09115,0.09329
6788.0,0.04037,0.02275,0.57038,0.1492,0.08692,0.01906,0.05244,0.05888
6854.0,0.17789,0.09207,0.09347,0.1808,0.1773,0.11834,0.08978,0.07035
6856.0,0.12558,0.12603,0.12544,0.12572,0.12692,0.1259,0.11915,0.12528
6879.0,0.02909,0.07847,0.20362,0.26026,0.18367,0.08342,0.08982,0.07164
6899.0,0.04279,0.01779,0.29824,0.32037,0.04909,0.06094,0.13852,0.07226
6900.0,0.08868,0.11669,0.093,0.14327,0.15628,0.15957,0.09154,0.15096
6929.0,0.17374,0.13533,0.17104,0.13221,0.08312,0.1034,0.11901,0.08216
6958.0,0.125,0.125,0.125,0.125,0.125,0.125,0.125,0.125
6963.0,0.06613,0.08641,0.12501,0.19733,0.11265,0.08386,0.0727,0.25593
6968.0,0.20522,0.04796,0.1739,0.09267,0.1282,0.11871,0.17372,0.05961
6996.0,0.06679,0.06789,0.12418,0.18921,0.29034,0.12961,0.09621,0.03577
7010.0,0.11534,0.11919,0.13557,0.13916,0.12435,0.12318,0.10678,0.13644
7011.0,0.14149,0.12192,0.1197,0.14861,0.12226,0.12136,0.12392,0.10075
7012.0,0.06188,0.04903,0.12409,0.37715,0.05376,0.11104,0.0647,0.15835
7013.0,0.12803,0.126,0.12609,0.12485,0.12397,0.12444,0.12218,0.12443
7026.0,0.13312,0.12398,0.12025,0.1294,0.12241,0.12166,0.11663,0.13256
7034.0,0.12117,0.12086,0.10364,0.1538,0.13097,0.15062,0.11307,0.10587
7041.0,0.13851,0.13024,0.12692,0.12547,0.1261,0.12304,0.10971,0.12001
7042.0,0.11857,0.08854,0.10878,0.18959,0.1292,0.12576,0.1033,0.13626
7046.0,0.1571,0.0719,0.11442,0.12029,0.14116,0.11179,0.04537,0.23796
7048.0,0.18087,0.07643,0.11326,0.11328,0.1635,0.17136,0.08998,0.09132
7049.0,0.12413,0.12335,0.12671,0.12739,0.13172,0.14078,0.10506,0.12086
7050.0,0.13197,0.11503,0.10255,0.15211,0.13611,0.12086,0.09261,0.14876
7051.0,0.12945,0.12773,0.1158,0.13481,0.11223,0.10632,0.15905,0.11461
7052.0,0.13766,0.10509,0.05928,0.22429,0.11995,0.13972,0.14519,0.06882
7053.0,0.10053,0.11804,0.13993,0.11779,0.13306,0.1231,0.13119,0.13637
7145.0,0.03609,0.01873,0.07336,0.52176,0.10179,0.17116,0.05215,0.02495
7148.0,0.14601,0.12648,0.11638,0.12054,0.13277,0.14814,0.08649,0.12319
7157.0,0.12161,0.13066,0.12955,0.12278,0.12787,0.1361,0.11618,0.11527
7242.0,0.15857,0.12852,0.13129,0.13286,0.12063,0.13007,0.08103,0.11703
7280.0,0.12693,0.12838,0.12125,0.13348,0.13229,0.13876,0.10073,0.11817
7281.0,0.09713,0.09462,0.10078,0.17607,0.15883,0.16006,0.1297,0.08282
7290.0,0.1637,0.16308,0.05465,0.04626,0.12237,0.22874,0.10654,0.11465
7296.0,0.13182,0.12647,0.1195,0.13234,0.12476,0.12358,0.1115,0.13002
7317.0,0.10552,0.07605,0.09586,0.15375,0.11085,0.26256,0.11099,0.08442
7389.0,0.02961,0.0,0.00111,1e-05,0.02074,0.9481,0.0,0.00043
7390.0,0.14822,0.00711,1e-05,5e-05,0.0,0.83799,0.00485,0.00178
7391.0,0.12863,0.12643,0.11752,0.12477,0.14069,0.12667,0.10202,0.13327
7392.0,0.10733,0.11751,0.1523,0.21856,0.10679,0.10224,0.10053,0.09474
7393.0,0.09862,0.13423,0.16362,0.10399,0.1393,0.14912,0.1246,0.08652
7394.0,0.15105,0.13808,0.15213,0.07028,0.1645,0.0743,0.06188,0.18778
7395.0,0.13545,0.14097,0.14088,0.10968,0.12534,0.13392,0.10912,0.10464
7396.0,0.12078,0.11585,0.11807,0.08632,0.13659,0.19663,0.11361,0.11216
7483.0,0.11906,0.12277,0.12367,0.13026,0.13007,0.13364,0.12258,0.11795
7499.0,0.08771,0.15228,0.17634,0.11615,0.11588,0.14496,0.08425,0.12243
7500.0,0.12088,0.12088,0.12302,0.12721,0.1237,0.12337,0.13323,0.12771
7501.0,0.1123,0.13042,0.17894,0.13134,0.07435,0.09542,0.11331,0.16392
7502.0,0.09583,0.10719,0.12973,0.17547,0.159,0.12711,0.14248,0.0632
7503.0,0.14237,0.12732,0.1032,0.15644,0.1333,0.1197,0.09034,0.12733
7504.0,0.09131,0.10032,0.12002,0.13957,0.13472,0.16971,0.07668,0.16768
7505.0,0.12243,0.08738,0.09809,0.22241,0.12795,0.15377,0.07817,0.1098
7507.0,0.12635,0.12505,0.12439,0.12601,0.12311,0.12267,0.12181,0.13062
7561.0,0.13752,0.13077,0.13356,0.12175,0.1154,0.11431,0.12997,0.11672
7562.0,0.04138,0.17749,0.09077,0.35019,0.14197,0.05157,0.06447,0.08215
7563.0,0.19841,0.04961,0.05431,0.14764,0.06873,0.26123,0.09623,0.12384
7564.0,0.1347,0.13205,0.11708,0.13665,0.12756,0.1322,0.11969,0.10007
7565.0,0.20258,0.11397,0.29753,0.095,0.07133,0.05339,0.0842,0.082
7568.0,0.06477,0.23473,0.05752,0.06437,0.24015,0.05964,0.15267,0.12616
7574.0,0.07916,0.11714,0.0953,0.12854,0.20079,0.13499,0.08796,0.15612
7584.0,0.05924,0.06324,0.18638,0.16408,0.2048,0.10885,0.0754,0.138
7703.0,0.13145,0.12677,0.12657,0.12555,0.12331,0.12353,0.11701,0.12581
7712.0,0.0,0.00228,0.01267,0.98496,0.0,0.0,0.0,9e-05
7722.0,0.15547,0.11555,0.11752,0.13922,0.11625,0.14497,0.12741,0.08361
7732.0,0.0984,0.11191,0.081,0.19202,0.17188,0.12351,0.09209,0.12919
7733.0,0.12531,0.12244,0.11999,0.12619,0.12637,0.12604,0.12504,0.12862
7734.0,0.18008,0.08496,0.01078,0.04148,0.3859,0.04698,0.08463,0.16519
7804.0,0.11232,0.07687,0.01821,0.21666,0.44905,0.02565,0.05858,0.04266
7809.0,0.10879,0.07521,0.04355,0.30271,0.10001,0.11384,0.17627,0.07962
7908.0,0.08252,0.26612,0.05627,0.23163,0.02933,0.13691,0.14658,0.05063
7909.0,0.11835,0.12331,0.13239,0.12417,0.12775,0.13169,0.12278,0.11958
7910.0,0.09956,0.07264,0.1412,0.10924,0.16866,0.16519,0.10692,0.13659
7911.0,0.125,0.125,0.125,0.125,0.125,0.125,0.125,0.125
7912.0,0.08187,0.05566,0.08202,0.03563,0.01483,0.26187,0.32923,0.13889
7913.0,0.13667,0.12774,0.12706,0.12482,0.122,0.12456,0.11678,0.12037
7932.0,0.12608,0.13819,0.12594,0.139,0.12266,0.128,0.12926,0.09086
7958.0,0.11348,0.11311,0.11524,0.10532,0.15058,0.15748,0.06182,0.18296
7975.0,0.125,0.125,0.125,0.125,0.125,0.125,0.125,0.125
8013.0,0.13586,0.12793,0.12635,0.13237,0.12549,0.1301,0.10609,0.11582
8030.0,0.13782,0.12477,0.12437,0.12416,0.12135,0.11999,0.1204,0.12714
8053.0,0.13791,0.11029,0.09491,0.06919,0.11451,0.28002,0.12135,0.07182
8060.0,0.13742,0.12661,0.12446,0.12949,0.12445,0.12714,0.1106,0.11983
8106.0,0.18986,0.10424,0.08383,0.13553,0.10396,0.15405,0.10189,0.12664
8107.0,0.11889,0.11569,0.11758,0.14314,0.13705,0.1422,0.13035,0.09509
8121.0,0.13099,0.12901,0.12356,0.12886,0.13061,0.13709,0.10159,0.11828
8122.0,0.0993,0.13996,0.14648,0.09638,0.1516,0.15708,0.1044,0.10481
8123.0,0.05362,0.21454,0.0563,0.09895,0.21132,0.14407,0.14842,0.07278
8124.0,0.1281,0.12889,0.13139,0.11747,0.12506,0.13432,0.12532,0.10946
8161.0,0.22659,0.14953,0.10628,0.2199,0.08491,0.13509,0.03679,0.04091
8163.0,0.125,0.125,0.125,0.125,0.125,0.125,0.125,0.125
8171.0,0.17911,0.09548,0.0992,0.15919,0.11711,0.14641,0.13602,0.06748
8172.0,0.1622,0.1183,0.09301,0.188,0.10071,0.0874,0.13266,0.11774
8173.0,0.15174,0.08955,0.11783,0.14601,0.08796,0.12131,0.15901,0.12659
8174.0,0.125,0.125,0.125,0.125,0.125,0.125,0.125,0.125
8175.0,0.13338,0.13311,0.13891,0.11848,0.11795,0.12844,0.11035,0.11938
8194.0,0.17775,0.10746,0.05451,0.14073,0.17846,0.12273,0.09033,0.12802
8196.0,0.13398,0.10801,0.09245,0.1598,0.13867,0.11517,0.09548,0.15644
8197.0,0.11543,0.12069,0.13072,0.12192,0.12256,0.13961,0.1394,0.10967
8198.0,0.07119,0.13608,0.15879,0.10609,0.11749,0.20173,0.10021,0.10841
8267.0,0.125,0.125,0.125,0.125,0.125,0.125,0.125,0.125
8295.0,0.11146,0.12552,0.11549,0.18101,0.12716,0.13861,0.09485,0.1059
8299.0,0.0958,0.1004,0.10421,0.17617,0.13943,0.1708,0.1235,0.0897
8300.0,0.06255,0.15864,0.24845,0.12121,0.22526,0.05559,0.0499,0.07839
8425.0,0.09042,0.1115,0.04899,0.12377,0.02374,0.47006,0.05943,0.07209
8426.0,0.33766,0.02502,0.04955,0.0366,0.13242,0.29524,0.08285,0.04066
8427.0,0.10926,0.11682,0.10042,0.15529,0.13536,0.12811,0.1762,0.07854
8428.0,0.10926,0.11682,0.10042,0.15529,0.13536,0.12811,0.1762,0.07854
8429.0,0.11831,0.15261,0.09918,0.16062,0.13078,0.09595,0.11096,0.13159
8484.0,0.20108,0.04911,0.18856,0.13672,0.13113,0.09552,0.09225,0.10562
8485.0,0.13538,0.08659,0.13819,0.11245,0.12903,0.15882,0.14708,0.09247
8591.0,0.06429,0.11374,0.12878,0.33246,0.03373,0.16331,0.06032,0.10338
8592.0,0.125,0.125,0.125,0.125,0.125,0.125,0.125,0.125
8593.0,0.12362,0.12394,0.12262,0.12581,0.12633,0.12422,0.12623,0.12724
8594.0,0.08959,0.1587,0.11018,0.25334,0.07811,0.12072,0.11729,0.07207
8595.0,0.11828,0.10603,0.13447,0.1822,0.11029,0.1663,0.09437,0.08804
8603.0,0.125,0.125,0.125,0.125,0.125,0.125,0.125,0.125
8608.0,0.125,0.125,0.125,0.125,0.125,0.125,0.125,0.125
8612.0,0.11812,0.04229,0.10968,0.34179,0.05746,0.084,0.10459,0.14207
8614.0,0.09402,0.08427,0.07675,0.33393,0.1142,0.0784,0.08555,0.13289
8615.0,0.12987,0.12315,0.12142,0.13204,0.12047,0.1203,0.11055,0.14219
8710.0,0.11064,0.11013,0.10989,0.13532,0.16578,0.15412,0.08667,0.12744
8711.0,0.12832,0.12579,0.12622,0.12345,0.12086,0.12078,0.12645,0.12814
8712.0,0.12433,0.1247,0.12478,0.12548,0.12589,0.12587,0.12456,0.12439
8713.0,0.08481,0.08958,0.08865,0.09577,0.13994,0.23267,0.12647,0.14211
8750.0,0.09436,0.09861,0.13675,0.13152,0.16557,0.17409,0.1116,0.08751
8751.0,0.10463,0.00057,0.14627,0.18675,0.52111,0.00495,0.02661,0.00911
8752.0,0.06413,0.21494,0.15002,0.18231,0.08052,0.10557,0.09121,0.11131
8753.0,0.13456,0.13783,0.11019,0.145,0.11057,0.15415,0.12059,0.08711
8761.0,0.09271,0.09246,0.08894,0.16877,0.15936,0.15282,0.11175,0.13318
8764.0,0.20774,0.07319,0.07792,0.16577,0.10564,0.1426,0.12058,0.10656
8765.0,0.07402,0.20365,0.11703,0.11648,0.14205,0.11506,0.12594,0.10577
8775.0,0.11619,0.23275,0.02502,0.05661,0.29298,0.04687,0.16554,0.06405
8781.0,0.10458,0.10422,0.08432,0.17067,0.1163,0.12451,0.19361,0.10178
8788.0,0.04017,0.28087,0.05469,0.01319,0.44634,0.04778,0.11264,0.00432
8792.0,0.25204,0.13707,0.08365,0.07932,0.12664,0.09012,0.13496,0.0962
8793.0,0.16725,0.04852,0.17018,0.08116,0.0995,0.20734,0.176,0.05005
8794.0,0.35796,0.09641,0.035,0.11988,0.09479,0.09166,0.0986,0.1057
8795.0,0.15027,0.10957,0.11031,0.13215,0.12317,0.13086,0.10063,0.14305
8796.0,0.14995,0.12987,0.11578,0.11368,0.15016,0.11326,0.09369,0.13363
8883.0,0.125,0.125,0.125,0.125,0.125,0.125,0.125,0.125
8884.0,0.12394,0.12057,0.16183,0.11535,0.12719,0.14757,0.11371,0.08984
8885.0,0.12507,0.1188,0.11931,0.13922,0.13218,0.13577,0.11441,0.11523
8886.0,0.0323,0.00741,0.35362,0.27593,0.04232,0.04776,0.08911,0.15155
8887.0,0.03061,0.16773,0.21292,0.12712,0.12524,0.06377,0.19434,0.07826
8938.0,0.07932,0.02211,0.15343,0.34921,0.10926,0.08559,0.12391,0.07718
8940.0,0.12719,0.10345,0.08783,0.18821,0.17177,0.12464,0.11683,0.08008
8941.0,0.13337,0.1527,0.02642,0.20658,0.0734,0.14566,0.1441,0.11777
8955.0,0.12005,0.12394,0.117,0.14852,0.12217,0.11918,0.11741,0.13172
8956.0,0.1587,0.06725,0.13264,0.1223,0.11229,0.20192,0.12176,0.08313
8957.0,0.13248,0.12406,0.13431,0.11878,0.11685,0.12404,0.14906,0.10043
8958.0,0.13503,0.1236,0.12126,0.13793,0.12683,0.13041,0.12006,0.10489
8996.0,0.125,0.125,0.125,0.125,0.125,0.125,0.125,0.125
8997.0,0.125,0.125,0.125,0.125,0.125,0.125,0.125,0.125
8999.0,0.125,0.125,0.125,0.125,0.125,0.125,0.125,0.125
9023.0,0.13512,0.13702,0.11483,0.15577,0.12338,0.1246,0.0919,0.11739
9069.0,0.08833,0.21653,0.07076,0.16746,0.08946,0.1246,0.10697,0.13589
9074.0,0.09986,0.09922,0.06302,0.17616,0.11628,0.10658,0.20932,0.12954
9075.0,0.13043,0.1269,0.12238,0.13913,0.13345,0.13964,0.10227,0.1058
9076.0,0.12378,0.10435,0.11775,0.14774,0.14139,0.15129,0.10329,0.11041
9091.0,0.15431,0.11361,0.11348,0.20468,0.08587,0.05704,0.16242,0.10859
9105.0,0.14972,0.13793,0.11879,0.11696,0.12998,0.11164,0.08992,0.14506
9169.0,0.1345,0.12939,0.13252,0.14138,0.12959,0.12799,0.11017,0.09447
9182.0,0.08287,0.03282,0.34278,0.13504,0.10705,0.05022,0.13024,0.11898
9200.0,0.14016,0.12396,0.07566,0.21652,0.09345,0.15232,0.12162,0.07632
9201.0,0.11355,0.1255,0.12975,0.13616,0.13376,0.12046,0.10917,0.13164
9208.0,0.13188,0.12582,0.12463,0.13283,0.12911,0.1471,0.08743,0.1212
9299.0,0.13733,0.12889,0.12191,0.12689,0.13049,0.12946,0.09791,0.12713
9311.0,0.11966,0.10245,0.06389,0.21412,0.16573,0.11392,0.11361,0.10663
9312.0,0.12165,0.12505,0.12429,0.12588,0.12611,0.12584,0.12795,0.12322
9313.0,0.12217,0.12348,0.12639,0.12439,0.1245,0.12143,0.13013,0.12751
9314.0,0.12217,0.12348,0.12639,0.12439,0.1245,0.12143,0.13013,0.12751
9321.0,0.09969,0.04973,0.03884,0.37107,0.0699,0.07315,0.217,0.08062
9333.0,0.11125,0.08204,0.05602,0.20282,0.15225,0.14583,0.1296,0.12018
9334.0,0.128,0.05046,0.20014,0.18191,0.12292,0.10786,0.10562,0.1031
9335.0,0.03398,0.06305,0.0672,0.09672,0.11161,0.35115,0.18737,0.08891
9336.0,0.10742,0.10074,0.12753,0.13375,0.08873,0.1879,0.06648,0.18746
