fund number,Beta1,Beta2,Beta3,Beta4,Beta5,Beta6,Beta7,Beta8
2724.0,0.07863,0.14046,0.09932,0.20667,0.12493,0.12448,0.11507,0.11044
2729.0,0.07304,0.10553,0.10357,0.34611,0.07494,0.09592,0.10841,0.09247
2731.0,0.08369,0.14698,0.09565,0.13267,0.12144,0.17637,0.12374,0.11947
2733.0,0.09297,0.12873,0.10144,0.15883,0.12321,0.15663,0.12421,0.11397
2755.0,0.11696,0.10425,0.10378,0.19461,0.1213,0.11938,0.12188,0.11785
2761.0,0.09442,0.13205,0.09821,0.19402,0.11929,0.13668,0.12341,0.10191
2762.0,0.09481,0.13142,0.09887,0.19303,0.12035,0.13619,0.12345,0.10188
2771.0,0.09436,0.13246,0.09855,0.19319,0.11973,0.1363,0.12342,0.10199
2777.0,0.0889,0.11527,0.10942,0.32672,0.03746,0.12336,0.12389,0.07498
2807.0,0.08936,0.11685,0.10842,0.32426,0.03712,0.12437,0.12394,0.07568
2815.0,0.05699,0.1055,0.12815,0.29282,0.12261,0.07981,0.12624,0.08788
2816.0,0.05782,0.10188,0.12957,0.29595,0.12208,0.07907,0.12595,0.08769
2818.0,0.04595,0.20732,0.10159,0.21149,0.12213,0.08699,0.11444,0.11009
2828.0,0.05846,0.10505,0.12897,0.28593,0.12565,0.08067,0.12761,0.08768
2900.0,0.09095,0.12359,0.10724,0.1281,0.1243,0.18872,0.12701,0.11008
2901.0,0.09071,0.12486,0.10636,0.12671,0.12531,0.18917,0.12703,0.10985
2902.0,0.09085,0.12349,0.10716,0.12732,0.12565,0.18872,0.12719,0.10962
2906.0,0.10186,0.11015,0.10257,0.19144,0.14083,0.10704,0.12826,0.11785
2908.0,0.10213,0.1082,0.10303,0.19658,0.13685,0.1074,0.12786,0.11795
2915.0,0.09977,0.113,0.10223,0.19354,0.13811,0.1065,0.12742,0.11942
2926.0,0.09001,0.12557,0.10627,0.12825,0.12424,0.18885,0.12731,0.10952
2927.0,0.09025,0.12405,0.10737,0.12874,0.12496,0.18809,0.12712,0.10943
2928.0,0.09082,0.12367,0.10704,0.12869,0.12287,0.19,0.12733,0.10958
2943.0,0.10437,0.1082,0.10298,0.19119,0.13915,0.10731,0.12833,0.11848
2944.0,0.10203,0.10998,0.10255,0.19459,0.13597,0.10817,0.12776,0.11894
2945.0,0.10274,0.11045,0.1019,0.19317,0.13742,0.10776,0.12814,0.11843
2960.0,0.09542,0.12305,0.09934,0.24086,0.0946,0.10705,0.12327,0.11642
2961.0,0.09711,0.12128,0.09947,0.24197,0.09349,0.10718,0.12349,0.116
2962.0,0.0972,0.12138,0.09983,0.23977,0.09494,0.10721,0.12343,0.11624
2963.0,0.0965,0.12257,0.09971,0.2387,0.09538,0.10695,0.12357,0.11662
2989.0,0.05738,0.18699,0.11296,0.21674,0.10368,0.10113,0.10638,0.11474
2995.0,0.09408,0.12469,0.08882,0.17373,0.09639,0.18531,0.12494,0.11203
2996.0,0.09367,0.12439,0.08869,0.17536,0.09476,0.1864,0.12441,0.11233
2997.0,0.09242,0.12367,0.08919,0.1788,0.09386,0.18494,0.12455,0.11258
2998.0,0.09325,0.12502,0.08875,0.17727,0.09428,0.18482,0.12518,0.11143
2999.0,0.05839,0.18424,0.11334,0.2164,0.10454,0.10143,0.10664,0.11502
3000.0,0.09396,0.1242,0.08879,0.17482,0.09605,0.18497,0.12458,0.11263
3005.0,0.05872,0.18192,0.11415,0.21715,0.10549,0.10105,0.10672,0.1148
3006.0,0.05893,0.18268,0.11388,0.21479,0.10651,0.10132,0.10708,0.1148
3050.0,0.11061,0.11094,0.10711,0.14542,0.15896,0.13285,0.11539,0.11871
3051.0,0.10798,0.11752,0.10517,0.14118,0.1599,0.13332,0.11513,0.1198
3052.0,0.1104,0.11307,0.10648,0.14223,0.16055,0.13245,0.11535,0.11946
3053.0,0.11063,0.11243,0.10646,0.14415,0.15818,0.13398,0.11547,0.1187
3054.0,0.109,0.11399,0.10585,0.14555,0.15701,0.13384,0.11513,0.11962
3067.0,0.11713,0.09667,0.11186,0.14585,0.17472,0.12613,0.11407,0.11356
3069.0,0.11733,0.09683,0.11205,0.14469,0.17497,0.12613,0.11429,0.11371
3070.0,0.12148,0.09389,0.10819,0.15012,0.16757,0.13117,0.11449,0.11309
3071.0,0.11754,0.09827,0.11055,0.14251,0.17718,0.12621,0.11422,0.11352
3072.0,0.11766,0.09658,0.11128,0.14527,0.17538,0.12594,0.11391,0.11398
3078.0,0.12576,0.07297,0.12223,0.1906,0.09262,0.18176,0.0996,0.11446
3081.0,0.12447,0.07315,0.12215,0.19601,0.08911,0.18192,0.09923,0.11396
3087.0,0.12575,0.07396,0.12234,0.18816,0.09361,0.18204,0.10002,0.11411
3088.0,0.12494,0.07355,0.12225,0.19145,0.09259,0.18133,0.09977,0.11412
3089.0,0.12298,0.07431,0.12172,0.19533,0.08903,0.18323,0.09951,0.11389
3443.0,0.10419,0.13021,0.10468,0.14221,0.16664,0.11147,0.13184,0.10876
3450.0,0.09527,0.11935,0.10885,0.11568,0.21759,0.11568,0.11621,0.11137
3460.0,0.06669,0.1901,0.09977,0.11594,0.1567,0.11317,0.11736,0.14028
3461.0,0.09497,0.11971,0.10924,0.11578,0.21704,0.11529,0.11621,0.11176
3476.0,0.07289,0.10476,0.11174,0.26697,0.11702,0.08846,0.10973,0.12843
3478.0,0.0956,0.11921,0.10889,0.11623,0.21652,0.11569,0.1164,0.11145
3479.0,0.09488,0.11937,0.10975,0.11746,0.2154,0.11534,0.11636,0.11144
3501.0,0.1038,0.13021,0.10489,0.14344,0.1655,0.11148,0.13187,0.10881
3528.0,0.0779,0.1508,0.09949,0.15917,0.11645,0.162,0.12222,0.11197
3532.0,0.04848,0.17555,0.06183,0.31641,0.07208,0.09194,0.09335,0.14037
3566.0,0.11102,0.10231,0.09794,0.14653,0.20065,0.11145,0.10939,0.1207
3594.0,0.05178,0.23002,0.08749,0.14234,0.12382,0.12384,0.1044,0.13631
3596.0,0.101,0.11495,0.11937,0.14812,0.21844,0.09642,0.10205,0.09967
3606.0,0.08351,0.13996,0.09682,0.15552,0.13305,0.13915,0.12836,0.12362
3607.0,0.10837,0.12747,0.09745,0.24942,0.11414,0.09486,0.11329,0.09502
3608.0,0.0982,0.14083,0.09563,0.26281,0.10723,0.09107,0.1124,0.09182
3613.0,0.11058,0.09644,0.10863,0.14791,0.20113,0.10566,0.11101,0.11864
3616.0,0.08802,0.128,0.09708,0.1676,0.1093,0.16836,0.12814,0.1135
3618.0,0.13003,0.07793,0.1313,0.03896,0.34132,0.10158,0.08254,0.09634
3619.0,0.09291,0.13145,0.09918,0.18303,0.16591,0.10335,0.11345,0.11071
3620.0,0.08575,0.14289,0.09775,0.19518,0.1564,0.10051,0.11296,0.10856
3626.0,0.10068,0.10946,0.09882,0.18311,0.13219,0.13207,0.13083,0.11284
3628.0,0.08216,0.14298,0.09648,0.17408,0.0988,0.16846,0.11776,0.11929
3639.0,0.09517,0.13735,0.09633,0.17356,0.16152,0.11526,0.11367,0.10713
3645.0,0.10133,0.10429,0.09944,0.18952,0.12895,0.13322,0.1305,0.11275
3647.0,0.10014,0.10685,0.10006,0.18854,0.13171,0.12948,0.13081,0.11241
3650.0,0.08155,0.14457,0.09618,0.17514,0.09791,0.16825,0.11748,0.11892
3651.0,0.08219,0.14337,0.09673,0.17249,0.10085,0.16746,0.11775,0.11916
3689.0,0.08913,0.10863,0.1122,0.19885,0.17158,0.09682,0.11073,0.11205
3692.0,0.10556,0.11998,0.11214,0.14259,0.16947,0.1199,0.11874,0.11163
3712.0,0.06284,0.15423,0.08996,0.19746,0.13643,0.09797,0.08274,0.17838
3714.0,0.0935,0.13169,0.10855,0.17818,0.12979,0.11682,0.12194,0.11953
3716.0,0.08928,0.14377,0.09066,0.21447,0.10403,0.12356,0.13374,0.10049
3719.0,0.1029,0.12191,0.11235,0.14178,0.17047,0.11997,0.11843,0.11219
3721.0,0.08231,0.08238,0.1015,0.30721,0.07118,0.13626,0.11329,0.10588
3747.0,0.08301,0.081,0.10162,0.30849,0.07102,0.13605,0.1131,0.10571
3753.0,0.082,0.08217,0.10091,0.30933,0.07059,0.1362,0.11313,0.10566
3920.0,0.0822,0.12053,0.11069,0.27521,0.10316,0.08968,0.1076,0.11093
3932.0,0.08156,0.11943,0.11129,0.27867,0.10281,0.08885,0.10735,0.11005
3938.0,0.08948,0.10909,0.11336,0.26548,0.10712,0.09356,0.10868,0.11323
3944.0,0.07648,0.12156,0.10665,0.30275,0.08538,0.09294,0.10659,0.10765
3946.0,0.08326,0.12872,0.10143,0.26761,0.07299,0.13029,0.11699,0.09871
3957.0,0.07675,0.11888,0.10954,0.29965,0.08861,0.09141,0.10613,0.10902
4068.0,0.08916,0.10841,0.10502,0.26195,0.10055,0.10537,0.12408,0.10546
4069.0,0.0893,0.10788,0.10501,0.26218,0.10053,0.10588,0.12403,0.10518
4071.0,0.11587,0.12345,0.12667,0.13538,0.12666,0.15238,0.11642,0.10317
4072.0,0.08953,0.10821,0.10489,0.26084,0.10127,0.10548,0.12422,0.10555
4266.0,0.08517,0.10534,0.11198,0.26947,0.10684,0.09108,0.11452,0.11561
4267.0,0.08533,0.09676,0.13082,0.26541,0.10797,0.08402,0.11707,0.11262
4268.0,0.08599,0.10463,0.1123,0.26839,0.10669,0.09141,0.11459,0.116
4269.0,0.08576,0.10501,0.11207,0.26918,0.10616,0.09146,0.11459,0.11577
4270.0,0.08615,0.10392,0.1125,0.2695,0.10664,0.09124,0.11445,0.11561
4271.0,0.08542,0.10514,0.11216,0.27003,0.10621,0.09093,0.11436,0.11575
4272.0,0.08592,0.10424,0.11262,0.26925,0.10675,0.09104,0.11449,0.11569
4281.0,0.10137,0.10308,0.11137,0.2465,0.09296,0.10818,0.1206,0.11594
4285.0,0.08018,0.1316,0.10623,0.2002,0.13712,0.11682,0.11138,0.11646
4286.0,0.08095,0.1303,0.10641,0.20008,0.13777,0.11664,0.11148,0.11636
4287.0,0.10102,0.10356,0.11134,0.24653,0.09299,0.10806,0.12046,0.11603
4288.0,0.1009,0.1038,0.11137,0.24644,0.09311,0.10789,0.1205,0.116
4289.0,0.10144,0.10322,0.11115,0.24686,0.09276,0.10823,0.1206,0.11575
4291.0,0.10126,0.1039,0.11124,0.24499,0.09364,0.10816,0.12077,0.11604
4293.0,0.0813,0.13138,0.10584,0.19934,0.13661,0.11747,0.11162,0.11644
4301.0,0.10124,0.1036,0.11123,0.24608,0.09324,0.10811,0.12067,0.11584
4307.0,0.08048,0.13033,0.10651,0.20122,0.13635,0.11715,0.11127,0.11668
4308.0,0.08011,0.13046,0.10697,0.20056,0.13844,0.116,0.11117,0.11628
4309.0,0.08083,0.13119,0.10601,0.19929,0.13843,0.11639,0.11134,0.11652
4310.0,0.08057,0.12967,0.10666,0.20135,0.13759,0.11657,0.11118,0.11642
4314.0,0.10103,0.10355,0.11134,0.24616,0.09315,0.10814,0.1206,0.11604
4353.0,0.11721,0.11165,0.09918,0.14132,0.15813,0.12059,0.12465,0.12728
4354.0,0.11749,0.10996,0.09984,0.14319,0.15673,0.1207,0.12412,0.12797
4355.0,0.11847,0.11042,0.0988,0.14128,0.1582,0.121,0.12474,0.12709
4356.0,0.11842,0.11035,0.09908,0.1421,0.1575,0.12079,0.12438,0.12738
4357.0,0.11704,0.11149,0.09915,0.14251,0.15648,0.12132,0.12448,0.12753
4358.0,0.11838,0.1094,0.10009,0.14113,0.15903,0.1203,0.12457,0.12711
4365.0,0.06413,0.14653,0.10644,0.22041,0.11338,0.11067,0.10972,0.12871
4374.0,0.05299,0.17414,0.09986,0.24014,0.09691,0.1055,0.10525,0.1252
4384.0,0.05305,0.17521,0.09914,0.24235,0.09472,0.10639,0.10565,0.12348
4394.0,0.06328,0.15251,0.10479,0.2144,0.11526,0.11153,0.10996,0.12826
4413.0,0.06311,0.1484,0.10524,0.22241,0.1126,0.11026,0.10929,0.12869
4423.0,0.06194,0.15407,0.10346,0.2213,0.10866,0.11226,0.10896,0.12936
4433.0,0.06461,0.14713,0.1054,0.21949,0.11377,0.11184,0.11019,0.12757
4456.0,0.09148,0.11573,0.09606,0.275,0.09047,0.10879,0.11565,0.10683
4488.0,0.06796,0.17789,0.0934,0.14801,0.09316,0.18846,0.11807,0.11306
4489.0,0.0676,0.17903,0.09244,0.14751,0.09295,0.19007,0.11802,0.11238
4490.0,0.06737,0.17977,0.09245,0.14785,0.09212,0.19023,0.11779,0.11242
4491.0,0.06672,0.18199,0.09209,0.14878,0.09199,0.18861,0.11791,0.11191
4492.0,0.06706,0.1809,0.09265,0.1472,0.09422,0.18811,0.11797,0.11188
4493.0,0.06624,0.1796,0.09333,0.15127,0.09194,0.18747,0.11785,0.1123
4494.0,0.06816,0.17879,0.09161,0.14789,0.09208,0.19118,0.11825,0.11204
4504.0,0.10374,0.12717,0.104,0.21443,0.11051,0.10249,0.12454,0.11311
4512.0,0.09912,0.11257,0.10832,0.23485,0.11175,0.09959,0.12058,0.11321
4513.0,0.09893,0.11285,0.10809,0.23549,0.11131,0.09962,0.1206,0.1131
4514.0,0.09924,0.11211,0.10842,0.23548,0.11126,0.09965,0.12062,0.11321
4515.0,0.09914,0.11313,0.10788,0.23452,0.11144,0.0999,0.12071,0.11328
4516.0,0.09923,0.1124,0.10841,0.23516,0.11156,0.09947,0.12068,0.11309
4517.0,0.09899,0.1123,0.10836,0.23557,0.11167,0.09946,0.12056,0.11309
4518.0,0.09903,0.11228,0.10823,0.23519,0.11196,0.09963,0.12054,0.11313
4571.0,0.08854,0.11787,0.09743,0.10515,0.21134,0.16409,0.11551,0.10008
4572.0,0.08959,0.11576,0.09761,0.104,0.21285,0.16459,0.1155,0.1001
4573.0,0.08939,0.11655,0.09734,0.10514,0.21031,0.16527,0.11555,0.10046
4574.0,0.08833,0.11678,0.09715,0.10474,0.21431,0.1633,0.11497,0.10042
4575.0,0.08878,0.11691,0.09718,0.10493,0.21167,0.16476,0.11541,0.10035
4576.0,0.08743,0.11777,0.09788,0.1054,0.21272,0.16336,0.11515,0.10029
4584.0,0.12584,0.10244,0.08998,0.08779,0.25284,0.1111,0.13878,0.09123
4585.0,0.1267,0.10203,0.08996,0.08758,0.25214,0.11156,0.13892,0.09111
4586.0,0.12648,0.10174,0.08988,0.08686,0.25416,0.11106,0.1387,0.09112
4587.0,0.12624,0.10209,0.09088,0.08797,0.25207,0.11044,0.13895,0.09136
4588.0,0.12632,0.10225,0.09005,0.08813,0.25199,0.11109,0.13902,0.09115
4589.0,0.12681,0.10075,0.09076,0.08833,0.252,0.111,0.13906,0.0913
4636.0,0.09554,0.10357,0.10725,0.27386,0.10302,0.09225,0.11611,0.10841
4637.0,0.09521,0.1035,0.10723,0.27536,0.10265,0.09191,0.116,0.10814
4638.0,0.09489,0.10414,0.10735,0.27472,0.1024,0.09206,0.11592,0.10853
4639.0,0.09599,0.10295,0.10715,0.27519,0.10171,0.09276,0.11596,0.1083
4640.0,0.09602,0.10295,0.10686,0.27457,0.10207,0.09297,0.11604,0.10852
4641.0,0.09554,0.10286,0.10759,0.2752,0.10249,0.09232,0.1159,0.10811
4642.0,0.09584,0.10221,0.10749,0.27499,0.10363,0.09199,0.11592,0.10792
4659.0,0.0962,0.12845,0.10385,0.22344,0.10743,0.10333,0.12291,0.11438
4669.0,0.10486,0.12743,0.10326,0.21223,0.11183,0.10279,0.12478,0.11283
4670.0,0.09556,0.14074,0.10173,0.21058,0.10831,0.10493,0.12434,0.11382
4671.0,0.09923,0.13493,0.10324,0.20771,0.11136,0.1046,0.12446,0.11446
4703.0,0.13491,0.10534,0.1255,0.17882,0.09014,0.12464,0.12159,0.11905
4715.0,0.0886,0.1161,0.11145,0.25117,0.1054,0.10154,0.11726,0.10847
4717.0,0.10796,0.10292,0.1161,0.20619,0.1145,0.12804,0.11672,0.10758
4718.0,0.10909,0.10062,0.11702,0.20635,0.11454,0.12799,0.11686,0.10753
4719.0,0.10893,0.10078,0.11719,0.20613,0.11474,0.12785,0.11698,0.1074
4720.0,0.10872,0.10239,0.11613,0.20687,0.11314,0.12844,0.11672,0.10758
4721.0,0.10717,0.10411,0.11562,0.20725,0.113,0.12865,0.11673,0.10747
4722.0,0.1092,0.103,0.11563,0.20351,0.11483,0.1293,0.11737,0.10716
4723.0,0.10877,0.10094,0.11717,0.20626,0.11436,0.128,0.11708,0.10741
4724.0,0.10972,0.10246,0.11571,0.20347,0.11432,0.12971,0.11733,0.10728
4725.0,0.10847,0.10281,0.11553,0.20592,0.11391,0.12918,0.11672,0.10745
4726.0,0.10852,0.10116,0.11734,0.20631,0.11527,0.12721,0.11694,0.10725
4727.0,0.10817,0.10288,0.11601,0.20635,0.11368,0.12846,0.11665,0.1078
4728.0,0.10819,0.10155,0.11681,0.20668,0.11479,0.1278,0.11692,0.10726
4729.0,0.1083,0.1012,0.11672,0.20823,0.11311,0.12831,0.11685,0.10728
4730.0,0.10941,0.10428,0.11467,0.20354,0.11403,0.12967,0.11712,0.10728
4752.0,0.08547,0.11664,0.09779,0.28386,0.09113,0.09833,0.11503,0.11175
4756.0,0.08316,0.12123,0.09744,0.2834,0.09107,0.09765,0.11473,0.11132
4808.0,0.07912,0.13997,0.10835,0.1573,0.19971,0.08364,0.11963,0.11229
4962.0,0.08972,0.14394,0.08434,0.16662,0.12874,0.14949,0.12785,0.10929
4963.0,0.09041,0.14325,0.08481,0.16616,0.12826,0.1494,0.12813,0.10957
4964.0,0.09056,0.14537,0.08381,0.16271,0.13091,0.14928,0.1281,0.10926
4965.0,0.08593,0.15506,0.08281,0.16769,0.12797,0.145,0.12795,0.10761
4966.0,0.05699,0.21979,0.07886,0.12701,0.14429,0.13496,0.12348,0.11463
4967.0,0.05564,0.22235,0.07898,0.12904,0.14308,0.13339,0.12265,0.11488
4968.0,0.05602,0.22448,0.07778,0.12507,0.14501,0.13444,0.12275,0.11445
4969.0,0.05652,0.22367,0.07777,0.12567,0.1438,0.13486,0.12292,0.1148
4970.0,0.10792,0.15799,0.08404,0.10279,0.16391,0.14345,0.1412,0.09871
4971.0,0.10622,0.15921,0.08476,0.10432,0.1623,0.14285,0.14132,0.09902
4972.0,0.10697,0.15863,0.08432,0.10339,0.16556,0.14206,0.14092,0.09815
4973.0,0.10678,0.16086,0.08363,0.10218,0.16497,0.14241,0.14115,0.09802
4984.0,0.08613,0.14371,0.09644,0.14683,0.1309,0.15178,0.1281,0.1161
4986.0,0.10494,0.10046,0.10198,0.25799,0.09457,0.11199,0.12047,0.10759
4987.0,0.10659,0.09906,0.10229,0.25477,0.09691,0.1117,0.12084,0.10785
4988.0,0.1029,0.09887,0.10236,0.26504,0.09318,0.11117,0.11961,0.10687
4989.0,0.10416,0.09929,0.10234,0.26207,0.09431,0.11087,0.11986,0.10711
4992.0,0.08351,0.14311,0.10008,0.1467,0.13526,0.14606,0.12766,0.11762
4997.0,0.11195,0.10481,0.11323,0.14311,0.15165,0.13931,0.12296,0.11297
5000.0,0.1522,0.1585,0.09651,0.13761,0.1334,0.09535,0.11881,0.10762
5001.0,0.12962,0.09665,0.09067,0.20461,0.15098,0.13302,0.11442,0.08003
5030.0,0.10136,0.05041,0.01598,0.02672,0.03652,0.67653,0.07617,0.0163
5034.0,0.08916,0.12631,0.14002,0.14247,0.1252,0.12906,0.1222,0.12558
5035.0,0.12481,0.1246,0.12451,0.12487,0.12478,0.12468,0.12647,0.12528
5036.0,0.12981,0.13117,0.11209,0.13977,0.1372,0.11746,0.11887,0.11364
5037.0,0.09673,0.13642,0.0971,0.16696,0.17444,0.10435,0.07375,0.15024
5038.0,0.17437,0.08909,0.08785,0.15466,0.13564,0.13687,0.11414,0.10739
5040.0,0.125,0.125,0.125,0.125,0.125,0.125,0.125,0.125
5046.0,0.15409,0.15007,0.10972,0.12803,0.12466,0.10401,0.12454,0.10488
5048.0,0.05071,0.07659,0.02613,0.51831,0.00875,0.1869,0.06699,0.06561
5051.0,3e-05,0.19714,0.00081,0.79085,0.0,0.0026,0.00436,0.00421
5052.0,0.07,0.17641,0.10151,0.21297,0.09682,0.15356,0.10941,0.07931
5053.0,0.12958,0.00122,0.29534,0.08192,0.38946,0.00318,0.06448,0.03482
5054.0,0.03694,0.20218,0.09862,0.34824,0.03977,0.11153,0.10222,0.06049
5055.0,0.08365,0.18219,0.10388,0.05321,0.21751,0.13785,0.09713,0.12458
5062.0,0.10896,0.15652,0.22146,0.07716,0.11804,0.16877,0.08465,0.06446
5070.0,0.1933,0.09903,0.10056,0.13722,0.08232,0.12663,0.13035,0.13059
5071.0,0.00828,0.22098,0.08052,0.10235,0.39256,0.05033,0.12339,0.02159
5072.0,0.06992,0.3101,0.02125,0.22709,0.06756,0.05404,0.08063,0.1694
5077.0,0.11189,0.09044,0.15742,0.10285,0.12435,0.15534,0.08858,0.16912
5078.0,0.10538,0.10177,0.13088,0.11108,0.12826,0.1394,0.08858,0.19465
5079.0,0.11892,0.13366,0.11461,0.12852,0.17191,0.09811,0.12623,0.10803
5141.0,0.12635,0.10453,0.12286,0.1588,0.12712,0.12499,0.10876,0.12659
5142.0,0.12471,0.12764,0.12785,0.12721,0.12876,0.12756,0.11582,0.12045
5143.0,0.12024,0.12211,0.1209,0.12863,0.13676,0.13738,0.1062,0.12778
5144.0,0.1227,0.12535,0.11172,0.13504,0.13678,0.13154,0.13569,0.10119
5205.0,0.04249,0.1707,0.03484,0.45217,0.01461,0.1168,0.10728,0.06111
5206.0,0.06764,0.21488,0.03217,0.03533,0.30213,0.13655,0.15543,0.05588
5207.0,0.06417,0.23737,0.06198,0.02498,0.17072,0.17385,0.09059,0.17634
5208.0,0.13009,0.03361,0.05509,0.02896,0.54672,0.06317,0.05568,0.08668
5236.0,0.36123,0.00128,0.10674,0.08181,0.04402,0.08457,0.0388,0.28155
5243.0,0.05156,0.23449,0.19006,0.13609,0.11931,0.10011,0.08998,0.0784
5269.0,0.06992,0.19865,0.0922,0.11354,0.20539,0.11567,0.10134,0.10329
5463.0,0.0619,0.14183,0.05817,0.49125,0.02147,0.13235,0.05854,0.03449
5468.0,0.13125,0.0207,0.06182,0.01173,0.5314,0.06392,0.0918,0.08738
5469.0,0.13695,0.11768,0.16609,0.13007,0.1434,0.14687,0.06817,0.09076
5470.0,0.0008,0.72592,0.00914,0.01247,0.01496,0.18817,0.04629,0.00225
5471.0,0.16145,0.09358,0.07229,0.1183,0.22626,0.20101,0.07945,0.04766
5491.0,0.29351,0.0988,0.04038,0.01466,0.08785,0.20059,0.14181,0.12241
5598.0,0.13983,0.13325,0.08498,0.11006,0.17536,0.10521,0.15303,0.09828
5606.0,0.11345,0.08776,0.07806,0.05042,0.22184,0.20072,0.14163,0.10612
5626.0,0.13282,0.11107,0.096,0.1017,0.09878,0.17396,0.10822,0.17745
5627.0,0.14487,0.13097,0.1154,0.13767,0.1335,0.14625,0.08327,0.10809
5640.0,0.12359,0.12515,0.12747,0.12555,0.1266,0.1283,0.12056,0.12277
5645.0,0.125,0.125,0.125,0.125,0.125,0.125,0.125,0.125
5669.0,0.11514,0.05306,0.11535,0.11777,0.42626,0.04705,0.08847,0.0369
5674.0,0.08082,0.02515,0.20734,0.03273,0.42414,0.034,0.07554,0.12028
5679.0,0.09919,0.1173,0.09322,0.14948,0.21377,0.09797,0.11183,0.11724
5680.0,0.12576,0.11484,0.07872,0.1778,0.15371,0.13994,0.0951,0.11413
5681.0,0.12872,0.10339,0.08508,0.16553,0.16588,0.15006,0.10265,0.0987
5682.0,0.24244,0.0754,0.06211,0.11691,0.18819,0.13977,0.068,0.10718
5683.0,0.05596,0.09351,0.05038,0.46382,0.02113,0.15792,0.07686,0.08042
5697.0,0.125,0.125,0.125,0.125,0.125,0.125,0.125,0.125
5698.0,0.125,0.125,0.125,0.125,0.125,0.125,0.125,0.125
5699.0,0.12425,0.12482,0.12282,0.12347,0.12405,0.12307,0.13299,0.12453
5713.0,0.11545,0.14509,0.06002,0.12682,0.12332,0.18491,0.11789,0.1265
5715.0,0.18572,0.20037,0.07799,0.08734,0.14268,0.12928,0.09866,0.07796
5727.0,0.15116,0.04586,0.09828,0.10088,0.292,0.12124,0.09708,0.09351
5760.0,0.04119,0.3259,0.06621,0.11603,0.11872,0.13227,0.09699,0.10269
5761.0,0.09159,0.08805,0.06951,0.06505,0.20256,0.25367,0.12853,0.10104
5762.0,0.29236,0.10362,0.08658,0.15965,0.14725,0.07687,0.04003,0.09365
5763.0,0.12485,0.1882,0.06251,0.12983,0.09175,0.18714,0.09574,0.11998
5773.0,0.07958,0.16268,0.09021,0.1314,0.12853,0.23206,0.0834,0.09213
5787.0,0.08153,0.08758,0.09188,0.20908,0.18427,0.1418,0.09162,0.11224
5810.0,0.16934,0.06852,0.08392,0.08189,0.28578,0.10689,0.09871,0.10495
5918.0,0.13113,0.12739,0.11861,0.13213,0.12939,0.12953,0.12478,0.10704
5920.0,0.13854,0.08892,0.04342,0.24284,0.0086,0.20933,0.04644,0.22191
5921.0,0.14568,0.13221,0.10351,0.13097,0.12781,0.11523,0.09646,0.14814
5922.0,0.11257,0.1222,0.20027,0.08377,0.10978,0.13036,0.14081,0.10025
5939.0,0.16052,0.0722,0.08178,0.18172,0.11037,0.13223,0.09637,0.16482
5994.0,0.09372,0.18225,0.11565,0.05828,0.10852,0.04928,0.09427,0.29803
6034.0,0.10047,0.13346,0.13254,0.12684,0.12969,0.13989,0.10368,0.13344
6039.0,0.11202,0.11667,0.1139,0.11289,0.21294,0.1561,0.10055,0.07492
6041.0,0.21253,0.01691,0.10453,0.12755,0.16082,0.24199,0.09455,0.04112
6179.0,0.09934,0.10395,0.06688,0.12243,0.32947,0.09011,0.07631,0.11151
6183.0,0.12916,0.10588,0.09907,0.05583,0.40578,0.06787,0.07541,0.06101
6186.0,0.08584,0.07992,0.11227,0.20793,0.15248,0.16466,0.09297,0.10393
6188.0,0.13003,0.12957,0.12483,0.12524,0.12721,0.12379,0.12556,0.11377
6281.0,0.14395,0.12867,0.11333,0.11953,0.11575,0.12197,0.12691,0.12991
6300.0,0.03912,0.12089,0.09146,0.39944,0.12119,0.08028,0.07143,0.07619
6301.0,0.10553,0.09981,0.06927,0.32875,0.08317,0.10289,0.10816,0.10241
6303.0,0.12207,0.12569,0.1339,0.12292,0.1213,0.12487,0.1209,0.12835
6304.0,0.09284,0.07747,0.11066,0.19415,0.12426,0.11577,0.10385,0.18101
6346.0,0.08756,0.06965,0.13231,0.2757,0.15301,0.12043,0.11057,0.05076
6347.0,0.1837,0.09561,0.00546,0.00531,0.28964,0.32445,0.06982,0.02601
6348.0,0.1265,0.1577,0.08926,0.15828,0.10496,0.08427,0.09763,0.1814
6349.0,0.0,0.05596,0.0,0.0,0.94337,0.00037,0.00029,1e-05
6350.0,0.09281,0.12793,0.07214,0.10565,0.17432,0.18911,0.0966,0.14143
6351.0,0.04828,0.13858,0.10799,0.39564,0.09907,0.11224,0.02551,0.07268
6352.0,0.00733,0.01583,0.03683,0.01617,0.86616,0.00792,0.01736,0.0324
6353.0,0.09086,0.11067,0.06636,0.04394,0.44789,0.07727,0.07017,0.09283
6354.0,0.42255,0.00717,0.14079,0.07052,0.07008,0.15771,0.07958,0.0516
6355.0,0.10951,0.1674,0.12254,0.12049,0.10919,0.10955,0.12999,0.13132
6356.0,0.16356,0.07872,0.1039,0.19251,0.14447,0.13424,0.09078,0.09181
6357.0,0.11616,0.04789,0.15066,0.35521,0.09237,0.07347,0.0957,0.06852
6358.0,0.10298,0.09897,0.03837,0.1089,0.16941,0.3168,0.10839,0.05619
6359.0,0.07596,0.11868,0.09627,0.16318,0.17,0.14725,0.09985,0.1288
6360.0,0.0076,0.55025,0.02334,0.13299,0.01796,0.13725,0.05779,0.07283
6361.0,0.11153,0.14096,0.09797,0.12191,0.12696,0.16731,0.12051,0.11285
6362.0,0.14283,0.12016,0.06206,0.12606,0.13921,0.14473,0.11804,0.1469
6385.0,0.12504,0.12515,0.12621,0.12438,0.12527,0.12615,0.12248,0.12532
6386.0,0.125,0.125,0.125,0.125,0.125,0.125,0.125,0.125
6387.0,0.12546,0.12548,0.12428,0.12511,0.12518,0.12478,0.12495,0.12477
6388.0,0.12603,0.12565,0.12596,0.12506,0.12521,0.1257,0.12273,0.12367
6405.0,0.13099,0.07948,0.10951,0.24015,0.05898,0.13919,0.12697,0.11474
6406.0,0.14427,0.05247,0.16113,0.1679,0.12047,0.09525,0.12866,0.12984
6407.0,0.14732,0.06021,0.08394,0.34692,0.05962,0.09793,0.12372,0.08035
6408.0,0.08398,0.07109,0.17222,0.30357,0.08306,0.0742,0.11837,0.0935
6409.0,0.125,0.125,0.125,0.125,0.125,0.125,0.125,0.125
6410.0,0.14212,0.1341,0.11856,0.12847,0.12392,0.10917,0.14503,0.09863
6411.0,0.125,0.125,0.125,0.125,0.125,0.125,0.125,0.125
6412.0,0.125,0.125,0.125,0.125,0.125,0.125,0.125,0.125
6413.0,0.125,0.125,0.125,0.125,0.125,0.125,0.125,0.125
6467.0,0.04803,0.15025,0.03083,0.24043,0.06923,0.31364,0.10513,0.04246
6469.0,0.05892,0.21139,0.23294,0.12127,0.04715,0.08443,0.15972,0.08418
6470.0,0.09273,0.1181,0.12514,0.13519,0.14265,0.14374,0.12298,0.11947
6471.0,0.12927,0.12237,0.18012,0.11648,0.12611,0.11233,0.13934,0.07397
6597.0,0.03208,0.013,0.43681,0.0825,0.3243,0.02354,0.03315,0.05461
6599.0,0.05585,0.29629,0.09015,0.06736,0.16691,0.09189,0.08766,0.14388
6606.0,0.44189,0.00323,0.06948,0.16646,0.01632,0.1559,0.07635,0.07038
6607.0,0.08373,0.0526,0.11198,0.13152,0.17909,0.19524,0.13524,0.11059
6617.0,0.0626,0.20644,0.10133,0.04355,0.32798,0.0622,0.0719,0.12402
6647.0,0.16242,0.08696,0.08459,0.20447,0.05823,0.07208,0.17208,0.15916
6648.0,0.1009,0.1212,0.04297,0.15345,0.19845,0.13836,0.12635,0.1183
6676.0,0.18425,0.15688,0.05048,0.16905,0.09869,0.12579,0.10598,0.10887
6685.0,0.11043,0.12203,0.12704,0.1134,0.11026,0.13403,0.15128,0.13152
6710.0,0.06372,0.13727,0.09145,0.02552,0.13702,0.3679,0.13856,0.03856
6712.0,0.3919,0.00412,0.01477,0.02323,0.00928,0.47225,0.05746,0.027
6716.0,0.01743,0.00478,0.27787,0.53827,0.02676,0.08135,0.03558,0.01796
6717.0,0.0,0.0,0.0,0.9998,0.0,0.0002,0.0,0.0
6718.0,0.13786,0.16728,0.08039,0.12595,0.12401,0.12512,0.15761,0.08178
6722.0,0.11145,0.11127,0.11672,0.12855,0.1285,0.16302,0.1135,0.127
6726.0,0.12289,0.12081,0.08832,0.13951,0.14408,0.13837,0.11442,0.13161
6728.0,0.11616,0.11913,0.13295,0.11595,0.1267,0.12584,0.17073,0.09254
6734.0,0.1264,0.12673,0.17473,0.11012,0.10257,0.16458,0.13008,0.06479
6737.0,0.10156,0.1789,0.06542,0.03509,0.18068,0.33349,0.0764,0.02846
6754.0,0.0618,0.08003,0.13233,0.15135,0.26053,0.12679,0.12096,0.06622
6756.0,0.08266,0.04828,0.29422,0.09289,0.22931,0.06651,0.10099,0.08515
6775.0,0.125,0.125,0.125,0.125,0.125,0.125,0.125,0.125
6776.0,0.13176,0.12416,0.14681,0.12636,0.12606,0.12861,0.09661,0.11964
6778.0,0.09608,0.08542,0.15649,0.14912,0.15403,0.13105,0.09677,0.13104
6785.0,0.12652,0.12505,0.12193,0.13123,0.13668,0.11597,0.13767,0.10495
6787.0,0.12794,0.12213,0.13097,0.11768,0.08793,0.14485,0.13785,0.13066
6788.0,0.10183,0.12334,0.08636,0.1377,0.27758,0.12027,0.09116,0.06176
6867.0,0.00278,0.22509,0.08647,0.41766,0.00081,0.16253,0.04119,0.06348
6876.0,0.07758,0.10911,0.11178,0.10862,0.24683,0.13622,0.11289,0.09696
6878.0,0.01791,0.23799,0.11371,0.0248,0.41151,0.05666,0.09421,0.04322
6879.0,0.0407,0.60976,0.00742,0.10779,0.01476,0.13943,0.05491,0.02523
6880.0,0.12923,0.13104,0.13007,0.12517,0.12581,0.12244,0.12071,0.11552
6899.0,0.18509,0.11457,0.13251,0.09628,0.13894,0.16459,0.07467,0.09334
6900.0,0.17381,0.10575,0.14024,0.13839,0.15852,0.07218,0.1068,0.1043
6911.0,0.13644,0.11905,0.09497,0.16219,0.12983,0.11986,0.14541,0.09225
6912.0,0.12028,0.13233,0.15063,0.13369,0.09596,0.13282,0.14467,0.08962
6914.0,0.10311,0.15149,0.12338,0.08842,0.20779,0.08923,0.11803,0.11854
6915.0,0.01021,1e-05,0.0,0.0,1e-05,0.86444,0.12533,0.0
6929.0,0.14785,0.0875,0.13061,0.16755,0.11302,0.13849,0.13768,0.0773
6938.0,0.12701,0.13587,0.14096,0.12222,0.12238,0.13037,0.09347,0.12772
6939.0,0.11293,0.12987,0.10775,0.17078,0.13302,0.14538,0.13787,0.06241
6948.0,0.32002,0.04297,0.16998,0.03505,0.1281,0.12187,0.12729,0.05472
6950.0,0.21969,0.01123,0.19311,0.15506,0.00274,0.14853,0.10525,0.16439
6951.0,0.72171,0.0,0.0,0.0,0.27829,0.0,0.0,0.0
6958.0,0.125,0.125,0.125,0.125,0.125,0.125,0.125,0.125
6963.0,0.00652,0.16558,0.148,0.13912,0.19518,0.01997,0.15003,0.1756
6968.0,0.10757,0.14415,0.08735,0.25774,0.08701,0.1021,0.10034,0.11374
6989.0,0.07118,0.01727,0.07961,0.08354,0.08313,0.02671,0.02634,0.61224
6996.0,0.01061,0.05635,0.05141,0.77762,0.00307,0.02011,0.02593,0.05488
7010.0,0.27211,0.02508,0.13088,0.05313,0.15236,0.13121,0.13343,0.10179
7011.0,0.12508,0.12768,0.1308,0.12374,0.12348,0.12414,0.12396,0.12112
7012.0,0.07421,0.10759,0.15473,0.15486,0.13135,0.14701,0.14203,0.08822
7013.0,0.16156,0.13663,0.14217,0.11822,0.11615,0.1019,0.11183,0.11156
7026.0,0.16197,0.13186,0.10924,0.12093,0.16068,0.12773,0.12141,0.06619
7030.0,0.10244,0.12345,0.08173,0.15803,0.20483,0.13373,0.08727,0.10852
7031.0,0.12132,0.12596,0.10219,0.14287,0.11699,0.16335,0.12225,0.10507
7034.0,0.06251,0.15398,0.07858,0.28297,0.07039,0.20252,0.08251,0.06654
7041.0,0.14573,0.1398,0.12244,0.11442,0.09155,0.12373,0.14672,0.11563
7042.0,0.13533,0.12399,0.1132,0.13643,0.14238,0.11378,0.12488,0.11001
7046.0,0.1269,0.12304,0.10959,0.13687,0.13561,0.13781,0.10575,0.12443
7048.0,0.125,0.125,0.125,0.125,0.125,0.125,0.125,0.125
7049.0,0.13457,0.12318,0.13812,0.11779,0.09997,0.13322,0.11147,0.14168
7050.0,0.12947,0.127,0.12185,0.12896,0.13035,0.11291,0.13265,0.11682
7051.0,0.11919,0.11484,0.12818,0.11878,0.12795,0.14023,0.12141,0.12941
7052.0,0.1261,0.1328,0.13782,0.12749,0.1258,0.13139,0.08385,0.13475
7053.0,0.11623,0.12074,0.13712,0.12588,0.13435,0.11191,0.13024,0.12353
7145.0,0.10234,0.0968,0.08167,0.26867,0.10667,0.10273,0.10599,0.13513
7283.0,0.13464,0.15366,0.11529,0.00775,0.25246,0.17395,0.05879,0.10346
7290.0,0.14688,0.08815,0.1712,0.12035,0.12612,0.08915,0.15723,0.10092
7317.0,0.13872,0.04711,0.07527,0.29659,0.23225,0.03159,0.07723,0.10124
7478.0,0.12766,0.12881,0.12961,0.12487,0.12833,0.13023,0.11056,0.11993
7483.0,0.11132,0.12741,0.13134,0.13653,0.13035,0.15622,0.11503,0.09179
7499.0,0.10189,0.14592,0.17916,0.12237,0.04407,0.09777,0.10767,0.20114
7500.0,0.14359,0.06667,0.14538,0.44498,0.03184,0.06801,0.0769,0.02263
7501.0,0.16622,0.0774,0.11402,0.07258,0.11391,0.13205,0.17692,0.1469
7502.0,0.15633,0.11923,0.1045,0.12911,0.08693,0.10791,0.16313,0.13287
7503.0,0.11383,0.12599,0.14842,0.11413,0.16344,0.11193,0.12521,0.09705
7504.0,0.08442,0.04709,0.01614,0.43186,0.08731,0.22489,0.03675,0.07154
7505.0,0.14584,0.14248,0.1276,0.07605,0.32234,0.04189,0.09574,0.04807
7507.0,0.06206,0.08751,0.03112,0.03093,0.67217,0.04656,0.03813,0.03152
7561.0,0.0,0.28616,0.00011,0.00822,0.66874,2e-05,0.00055,0.0362
7562.0,0.2466,0.00815,0.03164,0.19785,0.01361,0.25207,0.20837,0.0417
7563.0,0.12086,0.07944,0.10405,0.10993,0.22108,0.14265,0.13719,0.08481
7564.0,0.10179,0.08327,0.06671,0.24339,0.20912,0.13026,0.09885,0.0666
7565.0,0.26422,0.06088,0.00337,0.19455,0.0119,0.40471,0.05174,0.00862
7568.0,0.13919,0.08896,0.10363,0.28836,0.08335,0.13822,0.07518,0.0831
7574.0,0.1597,0.03837,0.16844,0.24854,0.05041,0.1728,0.09405,0.06768
7584.0,0.10568,0.17861,0.16027,0.11275,0.05639,0.14198,0.16303,0.08129
7767.0,0.19196,0.01792,0.05604,0.03277,0.59801,0.02153,0.04895,0.03283
7772.0,0.18065,0.02049,0.1409,0.14502,0.33028,0.03574,0.07121,0.0757
7909.0,0.21395,0.18233,0.12171,0.1527,0.11596,0.05742,0.09371,0.06221
7910.0,0.09384,0.1223,0.19705,0.11703,0.11115,0.10588,0.1126,0.14015
7911.0,0.15183,0.11293,0.13183,0.15209,0.14388,0.10554,0.12942,0.07249
7912.0,0.125,0.125,0.125,0.125,0.125,0.125,0.125,0.125
7913.0,0.08983,0.10911,0.10304,0.16277,0.14269,0.15409,0.11977,0.11868
7958.0,0.10345,0.10611,0.09684,0.14788,0.2007,0.09697,0.14845,0.09961
8008.0,0.10252,0.18357,0.06973,0.21201,0.16377,0.13145,0.11453,0.02241
8030.0,0.17185,0.11345,0.03908,0.21444,0.19299,0.09929,0.10128,0.06762
8053.0,0.06495,0.56498,0.00215,0.02038,0.09668,0.1576,0.04889,0.04437
8060.0,0.10209,0.10349,0.09137,0.16581,0.14665,0.14994,0.12197,0.11869
8073.0,0.14733,0.12028,0.11026,0.15864,0.10025,0.10014,0.11343,0.14968
8121.0,0.13361,0.12427,0.10593,0.14067,0.1378,0.11854,0.13068,0.10851
8122.0,0.11541,0.08585,0.07937,0.22355,0.08648,0.1847,0.12501,0.09964
8123.0,0.1014,0.12593,0.14715,0.15624,0.13471,0.1404,0.09995,0.09423
8124.0,0.1397,0.1218,0.133,0.12025,0.12008,0.11026,0.14141,0.1135
8163.0,0.125,0.125,0.125,0.125,0.125,0.125,0.125,0.125
8172.0,0.05738,0.11199,0.08386,0.17849,0.12751,0.19492,0.1255,0.12035
8173.0,0.11449,0.11579,0.06994,0.15319,0.15673,0.14834,0.10645,0.13506
8174.0,0.125,0.125,0.125,0.125,0.125,0.125,0.125,0.125
8175.0,0.1198,0.12292,0.11221,0.11558,0.1187,0.11347,0.17598,0.12134
8194.0,0.10986,0.11665,0.16842,0.12194,0.13737,0.11967,0.10847,0.11762
8196.0,0.20455,0.04822,0.11635,0.07346,0.206,0.18013,0.1008,0.07049
8197.0,0.05578,0.07695,0.12026,0.15353,0.19182,0.13919,0.10367,0.15881
8198.0,0.125,0.125,0.125,0.125,0.125,0.125,0.125,0.125
8267.0,0.125,0.125,0.125,0.125,0.125,0.125,0.125,0.125
8289.0,0.08506,0.12314,0.13836,0.158,0.14144,0.11567,0.1112,0.12714
8290.0,0.09993,0.14819,0.10106,0.13787,0.14457,0.14816,0.11896,0.10127
8292.0,0.10907,0.16121,0.06963,0.12988,0.11548,0.20478,0.12728,0.08267
8295.0,0.12689,0.15952,0.13046,0.13636,0.09743,0.10575,0.10451,0.13907
8299.0,0.1334,0.12868,0.11962,0.13226,0.13501,0.12602,0.09953,0.12547
8300.0,0.125,0.125,0.125,0.125,0.125,0.125,0.125,0.125
8420.0,0.2435,0.01955,0.05016,0.01594,0.19415,0.21034,0.19482,0.07153
8421.0,0.16176,0.1251,0.08751,0.14843,0.13407,0.14454,0.1082,0.09038
8422.0,0.13267,0.10473,0.09663,0.15153,0.13862,0.1447,0.12724,0.10389
8424.0,0.07091,0.17119,0.05888,0.45751,0.02664,0.06904,0.04545,0.10037
8425.0,0.11794,0.08185,0.11523,0.2181,0.19226,0.11699,0.08765,0.06998
8427.0,0.00029,0.01271,0.03862,0.01734,0.92283,0.00022,0.00233,0.00566
8428.0,0.55432,0.00784,0.01429,0.00681,0.11961,0.22293,0.05517,0.01903
8429.0,0.13388,0.1113,0.10536,0.15446,0.14129,0.1664,0.09889,0.08842
8484.0,0.13605,0.09318,0.10681,0.17081,0.08157,0.16279,0.12772,0.12105
8485.0,0.10169,0.07021,0.15868,0.23409,0.0402,0.18292,0.10911,0.10311
8591.0,0.22528,0.0476,0.04782,0.23714,0.11468,0.10664,0.11921,0.10163
8592.0,0.14091,0.10692,0.2441,0.17674,0.15204,0.06396,0.06463,0.05068
8593.0,0.12692,0.13364,0.13046,0.1306,0.12519,0.1331,0.11035,0.10975
8595.0,0.13007,0.12717,0.1289,0.12499,0.12757,0.12887,0.1101,0.12233
8596.0,0.12809,0.1275,0.12793,0.12643,0.12697,0.12841,0.11409,0.12057
8603.0,0.10977,0.09955,0.1188,0.14865,0.13957,0.10426,0.1516,0.12782
8608.0,0.16701,0.07924,0.08227,0.13739,0.14698,0.13845,0.10542,0.14323
8610.0,0.07811,0.16229,0.14388,0.13489,0.07315,0.17421,0.12017,0.1133
8612.0,0.12031,0.13156,0.12268,0.1224,0.12602,0.13114,0.13348,0.1124
8614.0,0.16653,0.12128,0.10238,0.09469,0.12384,0.08658,0.1137,0.191
8615.0,0.21465,0.04137,0.06423,0.19309,0.08415,0.1325,0.10794,0.16207
8750.0,0.09835,0.06588,0.0816,0.28794,0.18819,0.10582,0.0869,0.08532
8751.0,0.1656,0.13214,0.11461,0.13084,0.10417,0.09185,0.12108,0.1397
8752.0,0.12485,0.1348,0.16308,0.11158,0.13305,0.12187,0.10865,0.10212
8753.0,0.15505,0.13914,0.12093,0.1083,0.08862,0.12109,0.1339,0.13297
8761.0,0.15572,0.13889,0.10812,0.13042,0.09934,0.10278,0.12355,0.14118
8764.0,0.12724,0.1269,0.13084,0.12584,0.12382,0.12822,0.11499,0.12215
8765.0,0.13799,0.13943,0.13623,0.12228,0.1204,0.11206,0.12887,0.10273
8775.0,0.16582,0.19065,0.11911,0.10692,0.09716,0.14999,0.10211,0.06824
8781.0,0.46876,0.00582,0.00017,0.00201,0.00438,0.37137,0.00555,0.14195
8792.0,0.03887,0.14027,0.1542,0.15256,0.12166,0.09239,0.08895,0.2111
8793.0,0.14125,0.13228,0.10431,0.13966,0.13505,0.11615,0.10149,0.12981
8794.0,0.125,0.125,0.125,0.125,0.125,0.125,0.125,0.125
8795.0,0.125,0.125,0.125,0.125,0.125,0.125,0.125,0.125
8796.0,0.125,0.125,0.125,0.125,0.125,0.125,0.125,0.125
8797.0,0.11865,0.23612,0.03131,0.02322,0.05224,0.39474,0.07775,0.06597
8883.0,0.15813,0.07623,0.09247,0.16638,0.12943,0.14595,0.1458,0.08559
8884.0,0.15638,0.16069,0.083,0.09978,0.09298,0.12919,0.06437,0.21362
8885.0,0.18606,0.15815,0.09659,0.09079,0.11156,0.11359,0.10157,0.14168
8886.0,0.13391,0.13269,0.12861,0.12153,0.12483,0.12647,0.11349,0.11846
8887.0,0.13213,0.0571,0.13096,0.17682,0.10787,0.16432,0.12336,0.10746
8974.0,0.09378,0.14347,0.1348,0.10726,0.08212,0.13497,0.11874,0.18485
8975.0,0.09378,0.14347,0.1348,0.10726,0.08212,0.13497,0.11874,0.18485
8983.0,0.1796,0.04936,0.20101,0.11775,0.08257,0.18958,0.1111,0.06903
8993.0,0.13501,0.02044,0.00368,0.7597,0.00812,0.0375,0.02085,0.01471
8996.0,0.13111,0.12676,0.10373,0.14458,0.14755,0.11503,0.12332,0.10793
8997.0,0.05647,0.33868,0.06195,0.14832,0.09339,0.19488,0.04961,0.05671
8998.0,0.06903,0.19163,0.11086,0.08033,0.1984,0.23021,0.04319,0.07635
8999.0,0.10424,0.08153,0.15713,0.22227,0.1008,0.1242,0.10578,0.10404
9000.0,0.13882,0.13151,0.09049,0.16755,0.14647,0.11462,0.0951,0.11544
9001.0,0.0577,0.091,0.2038,0.33203,0.04513,0.05837,0.07566,0.13631
9011.0,0.1776,0.03413,0.26142,0.11068,0.14401,0.12037,0.10961,0.0422
9023.0,0.11152,0.18669,0.1706,0.15996,0.06211,0.02808,0.05945,0.2216
9069.0,0.10073,0.11462,0.0754,0.06285,0.13452,0.18659,0.12336,0.20193
9074.0,0.13904,0.11928,0.05216,0.12333,0.0685,0.25159,0.09773,0.14838
9075.0,0.13598,0.1197,0.08721,0.14306,0.1249,0.13985,0.08475,0.16455
9076.0,0.06154,0.05574,0.08101,0.33233,0.28292,0.06242,0.09986,0.02418
9078.0,0.16561,0.15301,0.11731,0.1268,0.13259,0.09734,0.11263,0.0947
9079.0,0.0846,0.02727,0.04963,0.38648,0.03241,0.23926,0.0772,0.10314
9080.0,0.09695,0.07068,0.07295,0.25897,0.0606,0.22025,0.08962,0.12998
9086.0,0.02174,0.0004,0.02631,0.70342,0.06288,0.04991,0.10833,0.02701
9091.0,0.12128,0.11847,0.09573,0.12011,0.14529,0.16946,0.1119,0.11775
9105.0,0.10442,0.13896,0.12224,0.0764,0.14252,0.17869,0.11626,0.1205
9112.0,0.145,0.07597,0.08658,0.17547,0.11164,0.101,0.07177,0.23257
9127.0,0.125,0.125,0.125,0.125,0.125,0.125,0.125,0.125
9169.0,0.1837,0.01072,0.14847,0.29002,0.19499,0.04768,0.07575,0.04867
9182.0,0.10073,0.0817,0.07082,0.21032,0.30017,0.09932,0.09504,0.04191
9196.0,0.11411,0.00311,0.01092,5e-05,0.66653,0.07432,0.10284,0.02813
9200.0,0.125,0.125,0.125,0.125,0.125,0.125,0.125,0.125
9201.0,0.17422,0.01889,0.23692,0.03004,0.05407,0.01369,0.01817,0.454
9203.0,0.11773,0.07993,0.3027,0.12019,0.09965,0.05267,0.1738,0.05332
9208.0,0.0235,0.12687,0.27522,0.3855,0.03542,0.01522,0.11431,0.02396
9249.0,0.32514,0.03465,0.10197,0.10031,0.11939,0.10273,0.09867,0.11715
9299.0,0.1127,0.15675,0.10649,0.17259,0.15408,0.08986,0.10567,0.10187
9312.0,0.12547,0.12564,0.11782,0.12696,0.12827,0.12315,0.11804,0.13465
9313.0,0.11549,0.11359,0.06811,0.15457,0.13207,0.16707,0.13273,0.11637
9314.0,0.12836,0.12567,0.11944,0.12704,0.12577,0.11884,0.12778,0.1271
9321.0,0.14306,0.15768,0.1252,0.13223,0.13246,0.10481,0.09653,0.10803
9334.0,0.15039,0.13288,0.1702,0.05486,0.14837,0.05814,0.1133,0.17188
9335.0,0.11271,0.12374,0.12794,0.13378,0.13984,0.13641,0.11406,0.11151
9336.0,0.15752,0.13559,0.04076,0.07843,0.13359,0.25159,0.1331,0.06943
9377.0,0.13357,0.12948,0.1275,0.128,0.12885,0.12595,0.11474,0.11192
9378.0,0.07322,0.17333,0.19599,0.13237,0.11998,0.1219,0.1195,0.06371
9389.0,0.125,0.125,0.125,0.125,0.125,0.125,0.125,0.125
9390.0,0.1302,0.13093,0.12735,0.12554,0.12788,0.12495,0.12115,0.11201
9593.0,0.11037,0.0563,0.03935,0.27955,0.05102,0.2432,0.13877,0.08144
9594.0,0.0847,0.08476,0.09241,0.31982,0.09737,0.10497,0.07712,0.13885
9595.0,0.00637,0.88919,0.00675,0.00999,0.06163,0.00131,0.00235,0.02241
9596.0,0.17808,0.10113,0.08635,0.12803,0.13093,0.15628,0.13351,0.08568
9598.0,0.17127,0.11508,0.07919,0.10378,0.19703,0.08804,0.11164,0.13397
9747.0,0.11451,0.11852,0.12659,0.12253,0.12705,0.12822,0.13168,0.1309
9748.0,0.12842,0.12711,0.13644,0.12714,0.12852,0.12947,0.10605,0.11685
9749.0,0.125,0.125,0.125,0.125,0.125,0.125,0.125,0.125
9750.0,0.1388,0.12651,0.12457,0.12162,0.1197,0.12035,0.12326,0.12518
9752.0,0.14324,0.13714,0.14769,0.15264,0.12355,0.04385,0.07733,0.17456
9753.0,0.10074,0.13836,0.1369,0.1329,0.12476,0.12878,0.10488,0.13267
9759.0,0.125,0.125,0.125,0.125,0.125,0.125,0.125,0.125
9760.0,0.13352,0.11885,0.10371,0.14837,0.1434,0.13592,0.13863,0.0776
9761.0,0.10523,0.12599,0.11536,0.14192,0.13831,0.13063,0.11925,0.1233
9762.0,0.125,0.125,0.125,0.125,0.125,0.125,0.125,0.125
9763.0,0.125,0.125,0.125,0.125,0.125,0.125,0.125,0.125
9770.0,0.13181,0.05915,0.00695,0.019,0.54791,0.14116,0.07018,0.02382
9860.0,0.13674,0.07291,0.0795,0.125,0.15406,0.19231,0.12228,0.11721
9861.0,0.10579,0.1261,0.07725,0.07149,0.06291,0.34249,0.13963,0.07434
9862.0,0.13546,0.07328,0.1669,0.0638,0.15351,0.20548,0.12575,0.07583
9863.0,0.14074,0.06486,0.19774,0.12239,0.10319,0.15609,0.13452,0.08047
9864.0,0.16888,0.12761,0.07719,0.11667,0.03643,0.1588,0.08777,0.22665
9865.0,0.10535,0.1127,0.17811,0.12644,0.13615,0.12037,0.13357,0.0873
9866.0,0.00518,4e-05,0.36261,0.0007,0.62441,4e-05,0.00462,0.0024
9882.0,0.17538,0.10713,0.17082,0.07961,0.12389,0.08952,0.1272,0.12646
