fund number,Beta1,Beta2,Beta3,Beta4,Beta5,Beta6,Beta7,Beta8
2413.0,0.0635,0.28471,0.10541,0.09711,0.12478,0.1083,0.06225,0.15393
2724.0,0.10661,0.10215,0.10767,0.1817,0.14922,0.13381,0.11775,0.10109
2729.0,0.08839,0.08741,0.09968,0.34891,0.08109,0.09412,0.11019,0.09021
2731.0,0.09883,0.1036,0.11928,0.13552,0.15259,0.18211,0.10721,0.10086
2733.0,0.09325,0.10425,0.12181,0.21331,0.12019,0.13924,0.10973,0.09823
2755.0,0.09802,0.1081,0.11226,0.217,0.12729,0.12914,0.10958,0.09861
2761.0,0.07338,0.12944,0.08401,0.33255,0.08983,0.09437,0.11404,0.08238
2762.0,0.07329,0.12787,0.08445,0.33401,0.08945,0.09447,0.11403,0.08242
2771.0,0.07399,0.12888,0.08425,0.3304,0.09094,0.09449,0.11426,0.08279
2777.0,0.07829,0.11333,0.08823,0.2896,0.0902,0.10162,0.14521,0.09353
2807.0,0.07565,0.0751,0.0763,0.444,0.0399,0.09231,0.11768,0.07907
2813.0,0.10331,0.04641,0.1158,0.33737,0.10043,0.09992,0.12871,0.06805
2815.0,0.09559,0.0781,0.10568,0.33293,0.08606,0.09675,0.12857,0.07633
2816.0,0.09675,0.07745,0.10566,0.32962,0.08735,0.09733,0.12914,0.0767
2818.0,0.0965,0.07697,0.10549,0.33193,0.08595,0.09777,0.12889,0.07651
2828.0,0.09803,0.07722,0.10699,0.32689,0.08967,0.09476,0.12881,0.07764
2842.0,0.10174,0.04321,0.11952,0.35463,0.09374,0.09746,0.12317,0.06653
2843.0,0.10124,0.04303,0.11919,0.3562,0.09382,0.09679,0.12304,0.06669
2844.0,0.10842,0.04209,0.11899,0.33738,0.09709,0.10469,0.12534,0.066
2900.0,0.0851,0.13366,0.1137,0.17213,0.10395,0.17752,0.10643,0.10751
2901.0,0.08467,0.13422,0.11371,0.17107,0.10581,0.17615,0.10674,0.10763
2902.0,0.08503,0.13808,0.10959,0.18271,0.09965,0.17225,0.10423,0.10846
2906.0,0.11713,0.10915,0.08113,0.21133,0.10685,0.14201,0.13563,0.09675
2908.0,0.11668,0.10548,0.08194,0.21349,0.10741,0.14238,0.1354,0.09723
2911.0,0.13032,0.09395,0.06014,0.22382,0.04032,0.24114,0.11612,0.09418
2912.0,0.13141,0.0942,0.06119,0.22443,0.04285,0.23511,0.11663,0.09418
2915.0,0.11697,0.10978,0.08054,0.21156,0.10778,0.14016,0.13576,0.09745
2926.0,0.10145,0.13204,0.11725,0.17007,0.12316,0.15181,0.09734,0.10688
2927.0,0.10191,0.13378,0.11693,0.1665,0.12689,0.15026,0.09689,0.10684
2928.0,0.10165,0.13236,0.11683,0.16857,0.12448,0.15168,0.09719,0.10724
2931.0,0.1286,0.09535,0.06117,0.22573,0.04157,0.23678,0.11628,0.09451
2936.0,0.15381,0.04554,0.09125,0.23822,0.07932,0.16508,0.11971,0.10707
2937.0,0.16946,0.05485,0.08017,0.1968,0.07148,0.18663,0.11111,0.12949
2938.0,0.1696,0.05466,0.08065,0.19566,0.07237,0.18357,0.11229,0.13119
2943.0,0.1167,0.108,0.0813,0.2107,0.10842,0.14137,0.1357,0.09781
2944.0,0.11727,0.11011,0.07989,0.21079,0.10665,0.14189,0.13575,0.09765
2945.0,0.11704,0.1055,0.0816,0.212,0.10758,0.14298,0.13574,0.09756
2949.0,0.13153,0.09365,0.0613,0.22096,0.0428,0.23713,0.11674,0.09589
2959.0,0.13143,0.09303,0.06148,0.22195,0.04303,0.23708,0.11663,0.09537
2960.0,0.10457,0.10609,0.1012,0.19343,0.14476,0.11166,0.13957,0.09872
2961.0,0.09002,0.11982,0.09653,0.17368,0.1591,0.11461,0.14663,0.09961
2962.0,0.09223,0.12018,0.09619,0.17095,0.16182,0.11649,0.14432,0.09782
2963.0,0.08905,0.12275,0.09568,0.17367,0.15939,0.11402,0.1462,0.09924
2989.0,0.08035,0.1154,0.13347,0.162,0.19615,0.09029,0.1257,0.09665
2995.0,0.07241,0.15142,0.08128,0.18838,0.10999,0.17409,0.13391,0.08852
2996.0,0.07152,0.15077,0.08143,0.19153,0.11084,0.17196,0.13312,0.08885
2997.0,0.07169,0.15103,0.08129,0.18953,0.11023,0.17375,0.13375,0.08873
2998.0,0.0715,0.15043,0.08131,0.1916,0.10954,0.17352,0.13337,0.08873
2999.0,0.08031,0.11456,0.13392,0.1635,0.19432,0.09068,0.12601,0.09671
3000.0,0.0714,0.15158,0.08178,0.19334,0.10695,0.1734,0.13322,0.08832
3005.0,0.07821,0.11076,0.13512,0.16213,0.18975,0.09651,0.13016,0.09736
3006.0,0.08029,0.11499,0.13332,0.16313,0.19511,0.09065,0.12579,0.09672
3024.0,0.12089,0.08873,0.1218,0.16952,0.18255,0.09905,0.12149,0.09598
3050.0,0.10508,0.11393,0.10325,0.14034,0.16331,0.13556,0.1278,0.11074
3051.0,0.10508,0.11243,0.10386,0.14368,0.15992,0.13611,0.12791,0.11102
3052.0,0.10506,0.11376,0.10325,0.14033,0.1635,0.13524,0.1278,0.11106
3053.0,0.10484,0.11426,0.10321,0.14297,0.16062,0.13535,0.12785,0.1109
3054.0,0.11101,0.10796,0.10395,0.15051,0.14853,0.13705,0.12905,0.11194
3067.0,0.10989,0.11338,0.10431,0.15911,0.15758,0.13068,0.12212,0.10292
3069.0,0.11003,0.11324,0.10436,0.158,0.1597,0.1302,0.122,0.10248
3070.0,0.11092,0.11324,0.10361,0.15943,0.15647,0.13128,0.12211,0.10294
3071.0,0.11001,0.11344,0.1041,0.1613,0.15503,0.13114,0.12216,0.10282
3072.0,0.10962,0.1133,0.10445,0.15898,0.15702,0.13118,0.12247,0.10297
3078.0,0.09316,0.09135,0.13675,0.14811,0.25092,0.08243,0.09371,0.10357
3081.0,0.09305,0.09145,0.13669,0.14776,0.25182,0.08234,0.09362,0.10326
3087.0,0.09289,0.09173,0.1363,0.14852,0.25083,0.08256,0.09367,0.1035
3088.0,0.09293,0.09148,0.13722,0.14897,0.24983,0.08249,0.09372,0.10338
3089.0,0.09309,0.0913,0.13663,0.14823,0.25123,0.0824,0.09361,0.1035
3313.0,0.11584,0.11601,0.11681,0.12703,0.13325,0.13256,0.10684,0.15165
3314.0,0.11431,0.11537,0.1149,0.12809,0.13616,0.13401,0.10612,0.15105
3315.0,0.1159,0.11677,0.11602,0.12895,0.13951,0.13352,0.10203,0.14729
3317.0,0.17569,0.07811,0.08233,0.12307,0.18797,0.1278,0.11852,0.10652
3318.0,0.17648,0.07788,0.08204,0.12219,0.18825,0.12804,0.11854,0.10659
3319.0,0.17602,0.0777,0.08283,0.12245,0.18904,0.12663,0.11908,0.10625
3324.0,0.17289,0.07982,0.08351,0.12465,0.186,0.12695,0.11934,0.10683
3361.0,0.04724,0.06557,0.03672,0.56164,0.00924,0.14767,0.06755,0.06437
3362.0,0.04742,0.06597,0.03732,0.56362,0.00973,0.14402,0.0674,0.06452
3363.0,0.04618,0.06472,0.03746,0.56177,0.0093,0.14912,0.06738,0.06407
3369.0,0.12996,0.10137,0.12054,0.12928,0.16273,0.14619,0.1098,0.10014
3370.0,0.12929,0.10246,0.11975,0.12921,0.1628,0.14614,0.10984,0.1005
3371.0,0.13007,0.10156,0.12033,0.12771,0.1656,0.14442,0.10984,0.10047
3372.0,0.12872,0.10244,0.12063,0.12864,0.1659,0.14359,0.10973,0.10035
3394.0,0.09985,0.04994,0.08558,0.354,0.02337,0.16627,0.13546,0.08553
3395.0,0.0969,0.05204,0.08592,0.35669,0.0241,0.16281,0.13314,0.0884
3396.0,0.09716,0.05162,0.08618,0.35497,0.02413,0.16287,0.13372,0.08935
3400.0,0.11034,0.10695,0.05179,0.30918,0.03464,0.18848,0.09992,0.0987
3404.0,0.11089,0.10712,0.05192,0.30896,0.03449,0.18831,0.09995,0.09837
3405.0,0.11151,0.1075,0.05189,0.30593,0.0358,0.18686,0.1008,0.09971
3412.0,0.11404,0.13031,0.11026,0.13336,0.12987,0.17216,0.10749,0.10251
3413.0,0.10447,0.11742,0.10355,0.20561,0.08394,0.17949,0.10464,0.10088
3414.0,0.11102,0.10681,0.05146,0.30889,0.03408,0.19006,0.09953,0.09815
3421.0,0.1052,0.11529,0.10397,0.20476,0.08626,0.1788,0.1057,0.10004
3429.0,0.10389,0.11504,0.10511,0.20762,0.08435,0.17893,0.10535,0.0997
3436.0,0.10165,0.1093,0.10522,0.22059,0.07221,0.18638,0.10559,0.09905
3437.0,0.11322,0.12898,0.11094,0.13495,0.12816,0.17388,0.10754,0.10232
3438.0,0.1105,0.12684,0.10679,0.13904,0.11979,0.18399,0.10835,0.1047
3439.0,0.09662,0.16299,0.11269,0.13428,0.1348,0.16078,0.10441,0.09343
3443.0,0.09671,0.1167,0.10273,0.21837,0.12719,0.11413,0.12673,0.09746
3450.0,0.1065,0.10438,0.11043,0.16049,0.15669,0.13641,0.12592,0.09918
3460.0,0.0963,0.11747,0.10275,0.21855,0.12722,0.11336,0.12682,0.09754
3461.0,0.10529,0.10638,0.10935,0.1598,0.15678,0.13655,0.12643,0.09941
3476.0,0.09654,0.11677,0.10276,0.21848,0.12696,0.11415,0.12671,0.09763
3478.0,0.1058,0.10569,0.10964,0.15915,0.15742,0.13686,0.12604,0.09939
3479.0,0.10577,0.10557,0.11001,0.15808,0.15912,0.13606,0.12625,0.09914
3501.0,0.09846,0.11886,0.09875,0.21597,0.12687,0.11701,0.12645,0.09764
3528.0,0.09517,0.12353,0.09848,0.11023,0.20842,0.15245,0.11378,0.09794
3532.0,0.10954,0.08413,0.08794,0.28051,0.10291,0.11244,0.12257,0.09996
3542.0,0.09398,0.12643,0.09027,0.28306,0.06634,0.14703,0.09864,0.09426
3566.0,0.08833,0.13121,0.09858,0.12665,0.27275,0.07478,0.1025,0.10519
3573.0,0.49377,0.01039,0.02701,0.03327,0.07788,0.18227,0.10232,0.07308
3574.0,0.45826,0.00603,0.0424,0.03971,0.22444,0.06192,0.11369,0.05356
3584.0,0.10861,0.11729,0.1043,0.17986,0.12475,0.1598,0.10609,0.09931
3585.0,0.10817,0.11461,0.10575,0.18117,0.12468,0.16021,0.10667,0.09873
3586.0,0.10884,0.11861,0.1028,0.17639,0.1262,0.16166,0.10547,0.10003
3587.0,0.10754,0.1165,0.10404,0.18072,0.12729,0.15854,0.1064,0.09897
3594.0,0.08699,0.12625,0.11057,0.14733,0.1681,0.14978,0.1059,0.10507
3596.0,0.06252,0.15754,0.12736,0.08712,0.26939,0.08258,0.12162,0.09186
3606.0,0.04691,0.13094,0.12494,0.19291,0.09476,0.18555,0.14242,0.08157
3607.0,0.09323,0.05525,0.07829,0.49769,0.04348,0.06587,0.08065,0.08553
3608.0,0.09343,0.05532,0.07804,0.49785,0.04329,0.06635,0.08014,0.08559
3613.0,0.05906,0.18641,0.06908,0.08435,0.32635,0.0728,0.10562,0.09634
3616.0,0.08267,0.10105,0.11881,0.29972,0.06817,0.14484,0.089,0.09574
3617.0,0.11853,0.11513,0.07871,0.18871,0.09558,0.17516,0.12406,0.10412
3618.0,0.08327,0.11091,0.17346,0.06835,0.27795,0.07374,0.0881,0.12421
3619.0,0.10967,0.09964,0.09382,0.14631,0.21149,0.1154,0.11987,0.10379
3620.0,0.10864,0.09944,0.09638,0.14931,0.20978,0.11447,0.11947,0.1025
3626.0,0.06984,0.11388,0.09006,0.37717,0.06989,0.07828,0.11691,0.08397
3628.0,0.08162,0.09159,0.11679,0.211,0.14234,0.13965,0.11328,0.10374
3639.0,0.07867,0.11958,0.09165,0.1703,0.15472,0.14159,0.13442,0.10906
3645.0,0.07909,0.13818,0.09755,0.25487,0.124,0.08095,0.12964,0.09573
3647.0,0.08111,0.13731,0.09824,0.24793,0.13102,0.08019,0.12878,0.0954
3650.0,0.08805,0.10666,0.11336,0.14504,0.18142,0.14268,0.11849,0.1043
3651.0,0.08674,0.10642,0.11303,0.14383,0.18075,0.14595,0.11974,0.10354
3689.0,0.09526,0.11473,0.10005,0.25503,0.10349,0.11081,0.11475,0.10588
3692.0,0.11277,0.11919,0.11519,0.12818,0.18237,0.12284,0.11941,0.10006
3702.0,0.00709,0.30193,0.11059,0.38572,0.03948,0.02723,0.07359,0.05437
3711.0,0.09733,0.22476,0.05186,0.11563,0.04089,0.32081,0.05766,0.09106
3712.0,0.12469,0.1255,0.09054,0.14724,0.1695,0.12124,0.11188,0.10942
3714.0,0.12736,0.11491,0.05905,0.2381,0.04456,0.21504,0.10654,0.09444
3715.0,0.07428,0.16375,0.01293,0.05769,0.00756,0.60087,0.02956,0.05336
3716.0,0.08576,0.1361,0.10152,0.21205,0.09723,0.12092,0.14712,0.09929
3719.0,0.12788,0.11258,0.11384,0.12979,0.13966,0.14412,0.13211,0.10002
3721.0,0.12354,0.1076,0.11208,0.16748,0.13325,0.13361,0.11852,0.10392
3722.0,0.12072,0.08886,0.12171,0.16822,0.18526,0.09706,0.12235,0.09581
3746.0,0.11883,0.09055,0.12262,0.1694,0.18352,0.09724,0.12092,0.09691
3747.0,0.1234,0.10739,0.11258,0.16713,0.13354,0.13376,0.11834,0.10386
3750.0,0.11959,0.08953,0.12309,0.16816,0.18468,0.09758,0.12182,0.09555
3753.0,0.12373,0.10724,0.11225,0.16693,0.1338,0.13397,0.11836,0.10372
3790.0,0.09708,0.10235,0.1144,0.2252,0.08252,0.15414,0.12584,0.09846
3791.0,0.10099,0.10876,0.11189,0.2022,0.09996,0.15018,0.12558,0.10045
3792.0,0.09955,0.1063,0.1146,0.19685,0.11633,0.13847,0.12484,0.10306
3920.0,0.07376,0.07365,0.10869,0.37742,0.06396,0.10699,0.11761,0.07792
3932.0,0.07364,0.07275,0.10847,0.37897,0.0634,0.10762,0.11761,0.07755
3938.0,0.07448,0.07323,0.10769,0.3766,0.06354,0.10827,0.11822,0.07796
3944.0,0.07031,0.07271,0.10838,0.38562,0.06308,0.1071,0.11655,0.07626
3946.0,0.1146,0.0646,0.10136,0.29798,0.06181,0.1426,0.12758,0.08948
3957.0,0.0706,0.07236,0.10889,0.38357,0.06418,0.10716,0.11672,0.07652
4068.0,0.08711,0.08101,0.11968,0.33246,0.08754,0.09956,0.1019,0.09073
4069.0,0.08717,0.08095,0.11974,0.33269,0.08682,0.09981,0.10195,0.09086
4071.0,0.08631,0.08123,0.11934,0.33457,0.08616,0.09978,0.10183,0.09079
4072.0,0.08708,0.08042,0.11993,0.33384,0.08643,0.09979,0.10189,0.09064
4266.0,0.12004,0.14322,0.03424,0.26445,0.05502,0.18231,0.11029,0.09043
4267.0,0.11977,0.14307,0.03437,0.26467,0.05513,0.18259,0.11026,0.09015
4268.0,0.12056,0.14328,0.03446,0.26266,0.05608,0.18184,0.11063,0.09048
4269.0,0.12051,0.14336,0.03434,0.26385,0.05561,0.18186,0.11028,0.0902
4270.0,0.12026,0.14339,0.03419,0.26377,0.05532,0.18234,0.11034,0.09039
4271.0,0.08523,0.20653,0.02467,0.27675,0.05742,0.15805,0.10499,0.08637
4272.0,0.08367,0.2109,0.02429,0.27722,0.0568,0.15713,0.10445,0.08554
4281.0,0.14354,0.06226,0.08492,0.30018,0.06348,0.13033,0.12236,0.09294
4285.0,0.09163,0.11332,0.10177,0.17269,0.14358,0.14622,0.12715,0.10364
4286.0,0.09122,0.11146,0.10286,0.17719,0.14078,0.14585,0.12672,0.10392
4287.0,0.11408,0.07431,0.07186,0.35427,0.05841,0.12408,0.11547,0.08752
4288.0,0.11384,0.07445,0.07198,0.35409,0.05857,0.12387,0.11567,0.08752
4289.0,0.11458,0.07426,0.07225,0.35301,0.05884,0.12377,0.11563,0.08764
4291.0,0.1433,0.06231,0.08468,0.30055,0.06299,0.13081,0.12252,0.09283
4293.0,0.1034,0.11524,0.10203,0.16707,0.16178,0.13407,0.11652,0.0999
4301.0,0.14306,0.06258,0.08487,0.30065,0.06305,0.13043,0.12241,0.09294
4307.0,0.10327,0.11731,0.10103,0.16943,0.1575,0.13485,0.11684,0.09977
4308.0,0.1048,0.11579,0.09982,0.16866,0.15724,0.13635,0.11676,0.10059
4309.0,0.10499,0.11547,0.1005,0.16928,0.15678,0.13602,0.11677,0.10018
4310.0,0.1037,0.1171,0.10109,0.16778,0.15911,0.13485,0.11668,0.09969
4314.0,0.14364,0.06234,0.08471,0.30004,0.06318,0.13084,0.12238,0.09287
4334.0,0.25461,0.03974,0.01806,0.06131,0.01419,0.48154,0.07369,0.05685
4335.0,0.2402,0.04337,0.02049,0.07096,0.01537,0.47397,0.07778,0.05786
4336.0,0.23533,0.0465,0.0243,0.07897,0.01882,0.44965,0.08249,0.06394
4353.0,0.13572,0.08171,0.09859,0.18462,0.1527,0.1293,0.09404,0.12331
4354.0,0.1371,0.08057,0.0976,0.18444,0.15227,0.13046,0.09406,0.1235
4355.0,0.13586,0.08165,0.09836,0.18472,0.15263,0.12951,0.09393,0.12335
4356.0,0.13528,0.08199,0.09834,0.18424,0.15329,0.12943,0.09414,0.1233
4357.0,0.1131,0.09797,0.08555,0.20477,0.14867,0.13349,0.09455,0.1219
4358.0,0.11303,0.1004,0.08472,0.20491,0.14888,0.13217,0.09436,0.12153
4365.0,0.10589,0.09363,0.10702,0.22703,0.10072,0.15435,0.1165,0.09486
4374.0,0.10598,0.1015,0.10565,0.21368,0.11058,0.15106,0.1166,0.09496
4384.0,0.10621,0.10221,0.10472,0.21293,0.11071,0.15216,0.11624,0.09483
4394.0,0.10584,0.09413,0.10656,0.22655,0.10003,0.1554,0.1166,0.09488
4413.0,0.10276,0.10101,0.1021,0.22319,0.10946,0.15046,0.11589,0.09513
4423.0,0.08337,0.1056,0.10274,0.24028,0.1024,0.15339,0.11889,0.09334
4433.0,0.08308,0.10509,0.10275,0.24352,0.10022,0.15355,0.11879,0.093
4456.0,0.08748,0.12998,0.0854,0.22313,0.18962,0.07012,0.11455,0.09973
4461.0,0.14837,0.08021,0.04603,0.26108,0.0388,0.23633,0.10942,0.07978
4462.0,0.1505,0.07943,0.04642,0.2574,0.03909,0.23593,0.11053,0.0807
4488.0,0.09165,0.10599,0.12682,0.13638,0.14647,0.18769,0.10471,0.10029
4489.0,0.09238,0.10532,0.12681,0.13684,0.14612,0.1881,0.10463,0.0998
4490.0,0.09212,0.10556,0.12726,0.1356,0.14829,0.18682,0.10451,0.09983
4491.0,0.09149,0.10645,0.127,0.13544,0.14913,0.18608,0.10459,0.09981
4492.0,0.092,0.10428,0.12726,0.13587,0.14725,0.18932,0.10441,0.09962
4493.0,0.07501,0.12045,0.11789,0.14189,0.14175,0.1944,0.10807,0.10053
4494.0,0.07519,0.12186,0.11789,0.14028,0.14406,0.19245,0.1078,0.10048
4504.0,0.08437,0.13442,0.10246,0.21397,0.115,0.113,0.14693,0.08985
4512.0,0.12782,0.05941,0.12026,0.25965,0.11095,0.11344,0.11473,0.09374
4513.0,0.12883,0.05906,0.12061,0.25856,0.1116,0.11322,0.11444,0.09367
4514.0,0.12752,0.05953,0.12034,0.26084,0.11039,0.11333,0.11464,0.09342
4515.0,0.12878,0.05894,0.12079,0.25745,0.11192,0.11362,0.11484,0.09366
4516.0,0.12873,0.05897,0.12106,0.25846,0.11178,0.1128,0.11457,0.09363
4517.0,0.12838,0.05905,0.12065,0.25893,0.11155,0.1133,0.11446,0.09369
4518.0,0.12875,0.05876,0.1207,0.25953,0.11097,0.11319,0.11451,0.09359
4571.0,0.10293,0.11195,0.11808,0.11755,0.19163,0.16033,0.09882,0.09871
4572.0,0.10212,0.11415,0.11677,0.11834,0.19057,0.16054,0.09852,0.09899
4573.0,0.10428,0.10714,0.11937,0.11666,0.18898,0.16496,0.09943,0.09917
4574.0,0.10283,0.11296,0.11747,0.11775,0.19046,0.16033,0.09902,0.09918
4575.0,0.10265,0.11242,0.11826,0.11743,0.19136,0.1596,0.09903,0.09925
4576.0,0.10386,0.10898,0.11897,0.11693,0.18893,0.16347,0.09913,0.09972
4584.0,0.08611,0.12557,0.10391,0.29111,0.08651,0.09938,0.11906,0.08834
4585.0,0.08536,0.12075,0.10309,0.30283,0.08219,0.10002,0.11789,0.08787
4586.0,0.08528,0.11996,0.10378,0.30408,0.08191,0.09981,0.11766,0.08753
4587.0,0.08619,0.12044,0.10366,0.30001,0.08347,0.10029,0.11788,0.08805
4588.0,0.08567,0.12068,0.10332,0.3015,0.08282,0.10008,0.11802,0.08792
4589.0,0.08701,0.12385,0.10434,0.28859,0.0883,0.09985,0.1192,0.08885
4636.0,0.09537,0.09495,0.10312,0.29862,0.08067,0.11334,0.11991,0.09401
4637.0,0.09572,0.09507,0.10314,0.29746,0.08133,0.1132,0.11999,0.09409
4638.0,0.09536,0.09526,0.10361,0.29845,0.08142,0.11207,0.1198,0.09404
4639.0,0.09545,0.09521,0.1032,0.29771,0.0816,0.11278,0.11996,0.09408
4640.0,0.09517,0.09487,0.10378,0.29826,0.08154,0.11221,0.12002,0.09415
4641.0,0.09502,0.09527,0.10321,0.29889,0.08108,0.11282,0.11978,0.09392
4642.0,0.09587,0.09364,0.10419,0.29774,0.08155,0.11317,0.11984,0.09399
4643.0,0.16882,0.10694,0.05445,0.19378,0.03697,0.23677,0.10128,0.10098
4647.0,0.16679,0.10837,0.05463,0.19479,0.03603,0.23677,0.10138,0.10125
4659.0,0.03006,0.06292,0.16884,0.38632,0.06112,0.10693,0.12592,0.05788
4669.0,0.09581,0.11072,0.10333,0.14542,0.14358,0.14261,0.13376,0.12477
4670.0,0.125,0.125,0.125,0.125,0.125,0.125,0.125,0.125
4671.0,0.10944,0.1066,0.12308,0.1338,0.1309,0.13349,0.13113,0.13155
4703.0,0.10355,0.11882,0.11436,0.12753,0.13846,0.13002,0.1782,0.08905
4715.0,0.12309,0.13648,0.10452,0.16529,0.14898,0.13427,0.11267,0.0747
4717.0,0.15374,0.14296,0.01126,0.01083,0.07088,0.51368,0.03639,0.06026
4718.0,0.0,0.0,0.0,0.0,1.0,0.0,0.0,0.0
4719.0,0.13878,0.10716,0.10597,0.14403,0.16123,0.14587,0.08158,0.11539
4720.0,0.12674,0.12696,0.08165,0.17021,0.13751,0.1395,0.0962,0.12124
4721.0,0.117,0.12178,0.12829,0.12513,0.12469,0.12721,0.11915,0.13673
4722.0,0.08302,0.13251,0.12912,0.291,0.08686,0.08003,0.09682,0.10063
4723.0,0.00849,0.32356,0.01147,0.00595,0.6077,0.00436,0.01226,0.02621
4724.0,0.17486,0.09693,0.11465,0.16322,0.10507,0.09135,0.12065,0.13328
4725.0,0.01868,0.00743,0.16629,0.56645,0.01057,0.13677,0.03317,0.06064
4726.0,0.07098,0.17798,0.12929,0.17624,0.14088,0.0959,0.07581,0.13293
4727.0,0.13777,0.12232,0.10853,0.13963,0.13842,0.11892,0.10176,0.13265
4728.0,0.12993,0.12707,0.11464,0.12249,0.12122,0.12337,0.1199,0.14138
4729.0,0.01611,0.5118,0.00261,0.02117,0.33171,0.00115,0.08166,0.0338
4730.0,0.12071,0.08256,0.10917,0.14209,0.17364,0.06791,0.12082,0.18311
4752.0,0.48675,0.00079,0.06179,0.20039,0.0303,0.14315,0.03792,0.03892
4756.0,0.01292,0.05006,0.42283,0.12599,0.30425,0.00375,0.05262,0.02758
4808.0,0.03857,0.06379,0.01506,0.0044,0.82252,0.00417,0.02692,0.02457
4962.0,0.02411,0.44809,0.02371,0.20939,0.09022,0.06504,0.07935,0.06009
4963.0,0.01012,0.1751,0.1495,0.37442,0.06435,0.08957,0.06728,0.06966
4964.0,0.12242,0.0795,0.12239,0.14586,0.15593,0.11593,0.08835,0.16963
4965.0,0.06922,0.06783,0.11557,0.0968,0.43313,0.03334,0.12057,0.06354
4966.0,0.09541,0.13446,0.0956,0.21707,0.22635,0.13798,0.05531,0.03782
4967.0,0.13366,0.12464,0.13706,0.12292,0.13277,0.13704,0.09414,0.11777
4968.0,0.05913,0.12477,0.05834,0.2059,0.19947,0.14239,0.10812,0.10188
4969.0,0.12781,0.12695,0.12543,0.1255,0.12571,0.12486,0.12112,0.12262
4970.0,0.1791,0.11723,0.16663,0.11491,0.1309,0.12757,0.06059,0.10307
4971.0,0.15037,0.12396,0.12276,0.16876,0.12986,0.11771,0.1008,0.08579
4972.0,0.17003,0.14264,0.12761,0.1316,0.15611,0.11314,0.0582,0.10067
4973.0,0.13897,0.12649,0.12022,0.13902,0.12831,0.12001,0.12422,0.10276
4984.0,0.17305,0.18255,0.06564,0.05103,0.13279,0.20999,0.11232,0.07264
4986.0,0.16943,0.09795,0.10891,0.14751,0.13902,0.11306,0.10722,0.11692
4987.0,0.15116,0.10316,0.11056,0.14157,0.15613,0.1213,0.11886,0.09727
4988.0,0.1415,0.10265,0.15029,0.11596,0.14226,0.12658,0.11151,0.10925
4989.0,0.03453,0.19215,0.0814,0.23248,0.1178,0.06195,0.16795,0.11175
4992.0,0.0976,0.13441,0.09866,0.25472,0.11675,0.16271,0.0574,0.07776
4997.0,0.125,0.125,0.125,0.125,0.125,0.125,0.125,0.125
5000.0,0.0145,0.0681,0.40521,0.15727,0.17023,0.03412,0.07074,0.07983
5001.0,0.1136,0.11395,0.09667,0.13729,0.15544,0.14428,0.08416,0.15461
5030.0,0.14617,0.13723,0.13121,0.12904,0.12069,0.11229,0.11297,0.1104
5034.0,0.12813,0.18738,0.0288,0.17657,0.06117,0.23809,0.11533,0.06453
5035.0,0.12813,0.18738,0.0288,0.17657,0.06117,0.23809,0.11533,0.06453
5036.0,0.17381,0.16363,0.04961,0.24566,0.08521,0.0589,0.13925,0.08394
5037.0,0.02172,0.11834,0.03069,0.51598,0.1219,0.05124,0.10956,0.03057
5038.0,0.11953,0.13055,0.12985,0.12741,0.13274,0.13607,0.10746,0.11639
5040.0,0.11038,0.0,0.84016,0.01122,0.0,0.03717,0.00092,0.00016
5046.0,0.11179,0.11291,0.12248,0.13741,0.15516,0.12829,0.14146,0.09051
5048.0,0.10035,0.14887,0.07081,0.18809,0.15459,0.05334,0.14712,0.13683
5049.0,0.0963,0.0791,0.13969,0.19073,0.17056,0.12376,0.09813,0.10174
5051.0,0.57063,0.00135,0.02124,0.10235,0.0256,0.20727,0.03904,0.03251
5052.0,0.07055,0.32979,0.05894,0.05121,0.18434,0.12617,0.08033,0.09868
5053.0,0.13569,0.13427,0.1224,0.12413,0.1221,0.12409,0.13137,0.10595
5054.0,0.00261,0.00089,0.91703,0.01429,0.02935,0.0001,0.01737,0.01835
5055.0,0.03973,0.30126,0.06559,0.14991,0.12264,0.12438,0.1077,0.08879
5062.0,0.09646,0.09405,0.07155,0.10486,0.23799,0.20835,0.11081,0.07593
5070.0,0.04579,0.03001,0.07946,0.2541,0.09322,0.14686,0.07488,0.27567
5071.0,0.11167,0.14158,0.08117,0.08851,0.18089,0.12136,0.19162,0.0832
5072.0,0.14221,0.00116,0.07661,0.36313,0.21653,0.00529,0.14417,0.05091
5077.0,0.00852,0.0122,0.07796,0.74,0.00674,0.01132,0.09649,0.04676
5078.0,0.1245,0.11779,0.1597,0.14222,0.13114,0.12946,0.09878,0.09641
5079.0,0.14108,0.13381,0.12365,0.12822,0.12596,0.11915,0.11242,0.11572
5096.0,0.0126,0.23157,0.1124,0.03501,0.53921,0.00655,0.02644,0.0362
5141.0,0.0929,0.08669,0.12702,0.16717,0.16449,0.10992,0.14751,0.10429
5142.0,4e-05,0.0054,0.09527,0.55319,2e-05,0.30971,0.03175,0.00462
5143.0,0.16906,0.14941,0.06926,0.15938,0.15183,0.07004,0.1145,0.11651
5144.0,0.09553,0.10046,0.13306,0.16274,0.16379,0.10248,0.14598,0.09597
5205.0,0.05232,0.02024,0.02284,0.64278,0.00265,0.13655,0.07637,0.04626
5206.0,0.15533,0.05924,0.10439,0.09115,0.28657,0.06362,0.08654,0.15315
5207.0,0.10438,0.09142,0.12735,0.27959,0.06812,0.10383,0.10158,0.12372
5208.0,0.15379,0.07599,0.13992,0.26419,0.06819,0.08662,0.09445,0.11684
5210.0,0.00232,0.45011,0.0013,0.47787,0.0,0.06471,0.00126,0.00243
5236.0,0.26409,0.05456,0.45858,0.0072,0.05954,0.03446,0.04212,0.07946
5243.0,0.11811,0.16312,0.0496,0.05113,0.06733,0.334,0.13022,0.08648
5269.0,0.1285,0.11285,0.0768,0.15396,0.14287,0.10442,0.11902,0.16158
5297.0,0.15036,0.10309,0.14226,0.16773,0.15391,0.11729,0.09874,0.06662
5305.0,0.09757,0.12221,0.10662,0.08857,0.14303,0.17071,0.08125,0.19004
5306.0,0.12958,0.14374,0.12163,0.11963,0.1051,0.16953,0.11912,0.09166
5364.0,0.13355,0.12421,0.12169,0.12963,0.12467,0.12375,0.12155,0.12096
5369.0,0.0,7e-05,0.94723,0.0,0.0,0.05245,2e-05,0.00023
5376.0,0.125,0.125,0.125,0.125,0.125,0.125,0.125,0.125
5377.0,0.12481,0.1209,0.1261,0.1279,0.12427,0.12537,0.13256,0.11809
5378.0,0.12556,0.12565,0.12526,0.12457,0.12434,0.12472,0.124,0.12591
5379.0,0.12504,0.12494,0.12506,0.1253,0.12511,0.12514,0.12447,0.12495
5380.0,0.125,0.125,0.125,0.125,0.125,0.125,0.125,0.125
5381.0,0.125,0.125,0.125,0.125,0.125,0.125,0.125,0.125
5386.0,0.14027,0.10493,0.10466,0.16578,0.14366,0.14647,0.08849,0.10574
5387.0,0.14279,0.12486,0.14304,0.1341,0.12531,0.12679,0.0888,0.11432
5388.0,0.12254,0.12284,0.12117,0.12555,0.12223,0.12517,0.12141,0.13911
5389.0,0.06294,0.08538,0.07899,0.29619,0.08393,0.1678,0.10948,0.11529
5390.0,0.14836,0.12129,0.1338,0.14004,0.1345,0.11307,0.08247,0.12647
5391.0,0.12262,0.08544,0.09716,0.19298,0.13323,0.15822,0.08688,0.12347
5395.0,0.09853,0.27438,0.05134,0.08966,0.19748,0.20511,0.04647,0.03703
5396.0,0.15374,0.12471,0.09797,0.15458,0.12897,0.097,0.09816,0.14487
5397.0,0.126,0.1216,0.143,0.12887,0.13549,0.14427,0.10501,0.09576
5399.0,0.12797,0.12579,0.12973,0.12125,0.12336,0.12595,0.12534,0.12061
5444.0,0.125,0.125,0.125,0.125,0.125,0.125,0.125,0.125
5463.0,0.06045,0.05578,0.18742,0.39246,0.02123,0.14421,0.08939,0.04906
5468.0,0.09151,0.21346,0.12799,0.15306,0.10988,0.15843,0.06858,0.07709
5469.0,0.12641,0.14524,0.08936,0.18072,0.1229,0.14174,0.08712,0.10651
5470.0,0.12338,0.11641,0.09258,0.12124,0.14188,0.16256,0.16308,0.07887
5471.0,0.12154,0.129,0.12758,0.12491,0.1241,0.12592,0.1152,0.13176
5491.0,0.05354,0.214,0.10485,0.28045,0.14937,0.03982,0.08218,0.0758
5588.0,0.12495,0.12486,0.12481,0.12546,0.12485,0.12453,0.12456,0.12599
5597.0,0.131,0.1272,0.13315,0.11996,0.11899,0.12273,0.12561,0.12136
5598.0,0.39316,0.00671,0.01644,0.37721,0.00531,0.07754,0.08171,0.04193
5606.0,0.09332,0.11448,0.22188,0.20927,0.1271,0.06121,0.08383,0.08892
5626.0,0.01235,0.06454,0.13,0.60161,0.01443,0.04286,0.05818,0.07602
5627.0,0.03454,0.07793,0.0306,0.59291,0.01541,0.14256,0.05902,0.04703
5635.0,0.125,0.125,0.125,0.125,0.125,0.125,0.125,0.125
5640.0,0.2175,0.09885,0.1242,0.20519,0.0813,0.07516,0.10557,0.09222
5645.0,0.06308,0.06247,0.085,0.09207,0.45738,0.02553,0.08419,0.13027
5655.0,0.12796,0.1158,0.09717,0.14143,0.15245,0.1567,0.09044,0.11806
5664.0,0.11138,0.28631,0.04066,0.03642,0.10709,0.18309,0.1306,0.10445
5669.0,0.13138,0.1256,0.12736,0.12157,0.12604,0.12906,0.11889,0.1201
5674.0,0.21365,0.06582,0.05176,0.08072,0.25375,0.15081,0.13011,0.05339
5679.0,0.12533,0.13187,0.08811,0.13948,0.12991,0.19316,0.1095,0.08263
5680.0,0.22542,0.0034,0.0812,0.32737,0.00079,0.05583,0.27471,0.03129
5681.0,0.06995,0.13312,0.12701,0.10783,0.13273,0.18537,0.136,0.108
5682.0,0.12468,0.10512,0.11039,0.17743,0.13354,0.13273,0.11167,0.10444
5683.0,0.02051,0.0005,0.01625,0.00023,0.96041,4e-05,0.00049,0.00157
5696.0,0.13204,0.09112,0.09762,0.12194,0.12823,0.10886,0.10718,0.21301
5697.0,0.07379,0.0519,0.13431,0.30607,0.15336,0.06052,0.13361,0.08646
5698.0,0.10789,0.11638,0.11559,0.11605,0.14825,0.15848,0.13723,0.10012
5699.0,0.01332,0.00015,4e-05,0.0001,2e-05,0.98529,0.00086,0.00021
5713.0,0.14031,0.09251,0.09123,0.16996,0.0885,0.20891,0.11396,0.09462
5715.0,0.15983,0.05877,0.1278,0.17227,0.07097,0.17882,0.11195,0.11959
5721.0,0.13694,0.11417,0.12451,0.17802,0.12791,0.12022,0.11243,0.08579
5722.0,0.02457,0.16296,0.04184,0.44028,0.00256,0.2217,0.06784,0.03825
5723.0,0.01387,0.04003,0.05265,0.66575,0.00017,0.16342,0.04531,0.01881
5727.0,0.20939,0.11712,0.11549,0.09369,0.09753,0.15454,0.12508,0.08715
5760.0,0.00028,1e-05,0.11016,0.0233,0.86583,1e-05,0.00011,0.0003
5761.0,0.15012,0.10138,0.01618,0.08134,0.04644,0.43576,0.10257,0.06621
5762.0,0.13025,0.20527,0.02747,0.04967,0.29332,0.11867,0.08243,0.09293
5763.0,0.16139,0.06294,0.11225,0.10626,0.25192,0.14416,0.08564,0.07544
5773.0,0.0565,0.26217,0.06718,0.21188,0.05127,0.11961,0.14699,0.0844
5787.0,0.00464,0.607,0.00048,0.05633,2e-05,0.2911,0.01931,0.02112
5810.0,0.21987,0.06077,0.05378,0.24937,0.06096,0.04983,0.18802,0.11741
5826.0,0.125,0.125,0.125,0.125,0.125,0.125,0.125,0.125
5831.0,0.05517,0.01493,0.18315,0.35354,0.02748,0.10758,0.08498,0.17317
5882.0,0.125,0.125,0.125,0.125,0.125,0.125,0.125,0.125
5918.0,0.19285,0.16565,0.19106,0.15078,0.08711,0.09722,0.071,0.04432
5920.0,0.2007,0.04724,0.07248,0.10395,0.06805,0.27488,0.17319,0.05953
5921.0,0.19245,0.08189,0.15664,0.03889,0.0924,0.06812,0.22003,0.14958
5922.0,0.28361,0.56599,0.02488,0.02527,0.00855,0.00463,0.03491,0.05216
5939.0,0.05063,0.27152,0.09492,0.28268,0.04721,0.07739,0.08453,0.09111
5969.0,0.125,0.125,0.125,0.125,0.125,0.125,0.125,0.125
5974.0,0.125,0.125,0.125,0.125,0.125,0.125,0.125,0.125
5975.0,0.125,0.125,0.125,0.125,0.125,0.125,0.125,0.125
5994.0,0.13241,0.16172,0.15955,0.10849,0.10032,0.10064,0.12866,0.10822
6034.0,0.24179,0.02883,0.04313,0.09972,0.04272,0.26738,0.15269,0.12375
6039.0,0.125,0.125,0.125,0.125,0.125,0.125,0.125,0.125
6041.0,0.11519,0.12401,0.08071,0.25223,0.14124,0.05928,0.05475,0.17257
6049.0,0.11241,0.02191,0.30709,0.10392,0.2484,0.08565,0.05773,0.06289
6081.0,0.05424,0.17948,0.11615,0.18278,0.13955,0.11827,0.08358,0.12594
6082.0,0.06607,0.20898,0.10234,0.15104,0.18938,0.10441,0.07477,0.10301
6083.0,0.09569,0.10751,0.11105,0.1773,0.14147,0.13368,0.06425,0.16905
6084.0,0.1394,0.12237,0.12464,0.13719,0.11594,0.11944,0.10214,0.13888
6085.0,0.069,0.12137,0.07986,0.18463,0.13621,0.14814,0.13391,0.12688
6179.0,0.11149,0.20875,0.05062,0.05225,0.26972,0.10772,0.09989,0.09957
6183.0,0.12027,0.10292,0.07588,0.11224,0.22341,0.12817,0.12573,0.11139
6186.0,0.06927,0.15159,0.12693,0.15499,0.1718,0.11176,0.13037,0.0833
6188.0,0.00291,0.0,0.0,0.0,0.32515,0.65492,8e-05,0.01695
6281.0,0.10702,0.12121,0.12914,0.10167,0.15321,0.17764,0.12021,0.08992
6300.0,0.00489,0.156,0.04441,0.62523,0.04515,0.01188,0.09312,0.0193
6301.0,0.00815,0.84912,0.05917,0.0029,0.02688,0.02324,0.02509,0.00544
6303.0,0.09513,0.08541,0.08945,0.23918,0.08041,0.17237,0.14413,0.09391
6304.0,0.05771,0.05967,0.14623,0.21948,0.25478,0.04835,0.09277,0.12102
6346.0,0.20633,0.06915,0.12029,0.17213,0.182,0.07857,0.07239,0.09914
6347.0,0.1042,0.12519,0.1318,0.14546,0.12007,0.07392,0.17152,0.12784
6348.0,0.14671,0.11711,0.10036,0.13953,0.13791,0.13791,0.15189,0.06857
6349.0,0.07183,0.28183,0.04717,0.235,0.13926,0.03817,0.08623,0.10051
6350.0,0.11171,0.12519,0.11533,0.13417,0.14623,0.14594,0.12834,0.09309
6351.0,0.12339,0.12704,0.10917,0.01761,0.33806,0.06338,0.16944,0.05192
6352.0,0.0438,0.07424,0.14896,0.2865,0.17168,0.01976,0.1228,0.13226
6353.0,0.0755,0.10426,0.12237,0.10862,0.17701,0.14921,0.15768,0.10535
6354.0,0.0,0.88453,0.0,0.00011,0.0,0.11134,0.00043,0.00359
6355.0,0.03541,0.03339,0.35445,0.22163,0.11278,0.07454,0.14476,0.02305
6356.0,0.04291,0.33429,0.0693,0.24698,0.01125,0.09905,0.11417,0.08206
6357.0,0.17033,0.1133,0.08118,0.09045,0.14623,0.12894,0.13556,0.134
6358.0,0.04504,0.22006,0.1548,0.15247,0.08074,0.107,0.18317,0.05673
6359.0,0.13918,0.08443,0.10205,0.12264,0.10011,0.21861,0.1652,0.06778
6360.0,0.08363,0.13064,0.13773,0.19867,0.17359,0.04755,0.12877,0.09943
6361.0,0.1169,0.20067,0.0293,0.16575,0.01294,0.32512,0.08272,0.0666
6362.0,0.11765,0.1383,0.15146,0.10384,0.0378,0.29157,0.07464,0.08474
6385.0,0.11638,0.1823,0.08559,0.10941,0.10417,0.17872,0.13778,0.08566
6386.0,0.13447,0.08838,0.13996,0.15656,0.0975,0.16239,0.14528,0.07546
6387.0,0.066,0.11447,0.18694,0.17913,0.09119,0.10462,0.16458,0.09308
6388.0,0.00012,0.0027,0.00015,2e-05,0.99499,0.00018,0.00071,0.00111
6405.0,0.16655,0.03652,0.10359,0.26036,0.02913,0.18358,0.14673,0.07355
6406.0,0.2207,0.04778,0.10574,0.16292,0.09251,0.1358,0.11856,0.116
6407.0,0.0947,0.08969,0.12681,0.21557,0.11322,0.11284,0.12427,0.1229
6408.0,0.08167,0.03607,0.09476,0.43993,0.00431,0.17668,0.12379,0.04279
6409.0,0.11931,0.13781,0.08258,0.11628,0.17479,0.07791,0.1617,0.12962
6410.0,0.08045,0.10821,0.09202,0.1379,0.1283,0.1557,0.17182,0.12561
6411.0,0.13154,0.15278,0.11136,0.19169,0.08578,0.10295,0.12326,0.10065
6412.0,0.15368,0.22011,0.0606,0.13343,0.05048,0.08143,0.15874,0.14154
6413.0,0.02829,0.08396,0.01761,0.11107,0.00053,0.67533,0.05412,0.02909
6467.0,0.08677,0.16285,0.08645,0.11105,0.12464,0.13955,0.14649,0.14219
6469.0,0.12248,0.12633,0.12823,0.1236,0.12731,0.12683,0.11685,0.12836
6470.0,0.13029,0.13005,0.12555,0.12216,0.12358,0.12431,0.12757,0.11649
6471.0,0.11751,0.23845,0.05142,0.17027,0.05442,0.19843,0.09673,0.07278
6597.0,0.12795,0.12599,0.12842,0.1249,0.12727,0.12935,0.11309,0.12302
6599.0,0.10913,0.0952,0.10466,0.17896,0.133,0.10883,0.15772,0.11249
6606.0,0.14799,0.14903,0.16571,0.09767,0.09036,0.10358,0.15084,0.09481
6607.0,0.12653,0.12278,0.13024,0.12629,0.12611,0.12748,0.11427,0.12629
6617.0,0.27407,0.04329,0.16738,0.08209,0.02299,0.29368,0.0643,0.0522
6647.0,0.27409,0.15556,0.01285,0.13338,0.0258,0.26413,0.10245,0.03173
6648.0,0.24813,0.00299,0.27995,0.09388,0.17792,0.0472,0.0513,0.09862
6649.0,0.10493,0.1146,0.12036,0.11442,0.12054,0.12788,0.15937,0.1379
6650.0,0.12214,0.18864,0.06443,0.1398,0.03171,0.27705,0.09611,0.0801
6651.0,0.12484,0.12499,0.12456,0.12514,0.12516,0.12496,0.12526,0.12511
6652.0,0.08393,0.09375,0.10961,0.14214,0.11716,0.13718,0.19052,0.12571
6653.0,0.10052,0.21361,0.07473,0.16527,0.07191,0.11757,0.10772,0.14867
6655.0,0.18282,0.10738,0.10332,0.17131,0.12962,0.11953,0.09799,0.08802
6656.0,0.18282,0.10738,0.10332,0.17131,0.12962,0.11953,0.09799,0.08802
6657.0,0.13876,0.13427,0.13944,0.13413,0.12903,0.13131,0.09133,0.10172
6670.0,0.20444,0.13094,0.14847,0.09017,0.12574,0.10166,0.07281,0.12576
6676.0,0.0,1.0,0.0,0.0,0.0,0.0,0.0,0.0
6677.0,0.12438,0.05915,0.07398,0.08556,0.19329,0.15992,0.13049,0.17322
6678.0,0.125,0.125,0.125,0.125,0.125,0.125,0.125,0.125
6685.0,0.06837,0.41356,0.12849,0.04823,0.18144,0.03063,0.05608,0.07319
6710.0,0.16159,0.09202,0.11844,0.17265,0.11518,0.16625,0.09302,0.08087
6712.0,0.17134,0.18736,0.05994,0.12859,0.14988,0.11111,0.09578,0.09601
6716.0,0.13469,0.13212,0.13134,0.11989,0.12714,0.12833,0.10939,0.11709
6717.0,0.02263,0.05854,0.05283,0.01386,0.77742,0.00401,0.04789,0.02283
6718.0,0.09817,0.17191,0.07074,0.13642,0.1686,0.1497,0.11757,0.08691
6722.0,0.073,0.11459,0.09548,0.13326,0.20835,0.12257,0.16099,0.09176
6726.0,0.19802,0.11632,0.07138,0.12719,0.14534,0.09665,0.12528,0.11982
6728.0,0.11047,0.09315,0.08714,0.20063,0.12571,0.19747,0.0439,0.14153
6731.0,0.06774,0.03749,0.24344,0.32667,0.04451,0.07734,0.12536,0.07746
6734.0,0.30953,0.13528,0.01548,0.00688,0.00252,0.45007,0.04568,0.03455
6737.0,0.14613,0.15597,0.14107,0.08388,0.10212,0.1084,0.18286,0.07956
6738.0,0.12825,0.11714,0.10788,0.16141,0.13064,0.1285,0.14216,0.08402
6754.0,0.05261,0.10647,0.0677,0.2194,0.19168,0.14682,0.11422,0.10109
6756.0,0.34898,0.0132,0.04445,0.07703,0.09679,0.22601,0.11655,0.07698
6775.0,0.10092,0.07953,0.21934,0.23906,0.01928,0.1088,0.19112,0.04195
6776.0,0.11494,0.17919,0.13569,0.06267,0.08212,0.12611,0.16895,0.13034
6778.0,0.25341,0.09149,0.15289,0.12265,0.01842,0.22328,0.0761,0.06176
6785.0,0.21115,0.14009,0.07671,0.13813,0.09672,0.10339,0.12033,0.11349
6787.0,0.0184,0.68479,0.0208,0.03057,0.07997,0.02986,0.05754,0.07807
6788.0,0.05427,0.16239,0.03668,0.24764,0.12043,0.03797,0.13638,0.20425
6854.0,0.00025,0.37686,0.32914,0.2278,0.00141,0.01736,0.04372,0.00347
6856.0,0.19074,0.12675,0.11699,0.02408,0.04864,0.16358,0.21753,0.11169
6867.0,0.05491,0.05326,0.04365,0.65959,0.00149,0.14246,0.02833,0.01631
6876.0,0.08516,0.03131,0.04508,0.1983,0.24243,0.15615,0.03847,0.2031
6878.0,0.10773,0.12731,0.11294,0.11171,0.1434,0.17273,0.12182,0.10236
6879.0,1e-05,0.65337,3e-05,1e-05,0.25393,0.0,0.00077,0.09188
6880.0,0.03719,0.23297,0.05766,0.22636,0.05458,0.20731,0.08522,0.0987
6899.0,0.09642,0.11852,0.06759,0.18074,0.19586,0.1446,0.09865,0.0976
6900.0,0.00172,0.02008,0.00049,0.01012,2e-05,0.95963,0.00397,0.00396
6911.0,0.13024,0.12888,0.13165,0.12063,0.12828,0.13526,0.10278,0.12228
6912.0,0.12636,0.12568,0.12392,0.12395,0.12507,0.1302,0.11538,0.12944
6914.0,0.12037,0.11282,0.13522,0.17154,0.1412,0.0703,0.122,0.12655
6915.0,0.11764,0.10519,0.10632,0.15402,0.18143,0.14415,0.091,0.10024
6929.0,0.12439,0.12713,0.12221,0.12567,0.12502,0.12354,0.12792,0.12413
6938.0,0.16448,0.06015,0.21774,0.10615,0.17391,0.11459,0.11584,0.04714
6939.0,0.1202,0.14544,0.08949,0.17099,0.15543,0.11807,0.10434,0.09606
6948.0,0.13848,0.16133,0.03201,0.24148,0.08369,0.09077,0.12483,0.1274
6950.0,0.08196,0.0395,0.22761,0.11429,0.19398,0.18137,0.10608,0.05522
6951.0,0.15205,0.12996,0.02301,0.11603,0.02982,0.36124,0.07603,0.11186
6958.0,0.17724,0.10162,0.15296,0.11225,0.11639,0.12344,0.13388,0.08223
6963.0,0.00505,0.00078,0.09752,2e-05,0.85951,0.02856,0.00277,0.00578
6968.0,0.125,0.125,0.125,0.125,0.125,0.125,0.125,0.125
6989.0,0.21574,0.08137,0.08063,0.29917,0.07125,0.06414,0.09653,0.09117
6996.0,0.0973,0.05268,0.03697,0.51974,0.00378,0.20136,0.05994,0.02822
7010.0,0.08424,0.07881,0.0849,0.30592,0.02412,0.25771,0.08862,0.07567
7011.0,0.07108,0.17491,0.00513,0.1378,0.00879,0.51691,0.02077,0.06461
7012.0,0.03758,0.05914,0.10213,0.4339,0.12842,0.008,0.07359,0.15723
7013.0,0.11277,0.09352,0.09244,0.24666,0.06159,0.13519,0.09999,0.15784
7026.0,0.12602,0.128,0.12849,0.12353,0.12518,0.12762,0.11784,0.12332
7030.0,0.14589,0.05263,0.1263,0.07391,0.02926,0.49389,0.02995,0.04817
7031.0,0.13408,0.13695,0.11783,0.11803,0.12091,0.12745,0.11133,0.13342
7034.0,0.11214,0.18433,0.05767,0.22994,0.10966,0.13775,0.08851,0.08001
7041.0,0.10486,0.13787,0.09488,0.12182,0.15954,0.16485,0.0812,0.13497
7042.0,0.11312,0.1258,0.09734,0.20149,0.14394,0.11489,0.09539,0.10802
7046.0,0.00792,0.07437,0.00494,0.47901,0.01492,0.39864,0.01573,0.00447
7048.0,0.05266,0.27271,0.13954,0.24529,0.05483,0.04911,0.06759,0.11826
7049.0,0.10855,0.13707,0.11638,0.05615,0.33231,0.08272,0.08816,0.07866
7050.0,0.05357,0.09479,0.08555,0.26744,0.09839,0.11047,0.1578,0.13198
7051.0,0.37147,0.06108,0.10031,0.06704,0.07759,0.14355,0.09539,0.08358
7052.0,0.08474,0.06178,0.1349,0.21492,0.27245,0.18052,0.03843,0.01225
7053.0,0.11318,0.27502,0.02084,0.14676,0.15301,0.05048,0.08259,0.15812
7145.0,0.14416,0.03128,0.13531,0.17898,0.11116,0.26123,0.07694,0.06094
7148.0,0.125,0.125,0.125,0.125,0.125,0.125,0.125,0.125
7242.0,0.08857,0.09726,0.09134,0.11181,0.0878,0.12869,0.24392,0.15061
7280.0,0.12229,0.11301,0.13093,0.12029,0.12229,0.11591,0.13124,0.14404
7281.0,0.06437,0.1324,0.09509,0.14886,0.24005,0.09194,0.13388,0.09341
7283.0,0.12387,0.11973,0.14042,0.11846,0.12378,0.13346,0.10391,0.13638
7290.0,0.05212,0.15477,0.11758,0.23512,0.1857,0.04294,0.12313,0.08863
7296.0,0.12808,0.09788,0.07043,0.15771,0.16346,0.18,0.13199,0.07046
7317.0,0.05455,0.10524,0.11457,0.16509,0.16115,0.15105,0.14065,0.1077
7389.0,0.1577,0.13321,0.11186,0.13245,0.14115,0.11856,0.11338,0.09168
7390.0,0.14367,0.07863,0.11167,0.14571,0.1254,0.13845,0.13953,0.11695
7391.0,0.0957,0.11439,0.08512,0.203,0.11476,0.1426,0.10959,0.13483
7392.0,0.11722,0.10324,0.12821,0.14608,0.13281,0.1696,0.07947,0.12338
7393.0,0.11877,0.12602,0.12935,0.11988,0.1241,0.12412,0.13599,0.12177
7394.0,0.04094,0.5346,0.03924,0.00244,0.02743,0.10335,0.01051,0.2415
7395.0,0.04094,0.5346,0.03924,0.00244,0.02743,0.10335,0.01051,0.2415
7396.0,0.12502,0.12041,0.12981,0.1174,0.12248,0.12668,0.12443,0.13378
7475.0,0.14843,0.18851,0.08047,0.08128,0.17109,0.15376,0.06272,0.11373
7478.0,0.17198,0.01225,0.15174,0.04935,0.30606,0.08153,0.085,0.14209
7479.0,0.05169,0.18959,0.08189,0.02524,0.4428,0.02807,0.08718,0.09354
7483.0,0.04426,0.23388,0.12283,0.07236,0.2647,0.09478,0.09785,0.06933
7499.0,0.10449,0.14208,0.19776,0.10951,0.12331,0.12722,0.08257,0.11305
7500.0,0.04333,0.18907,0.04917,0.12793,0.27796,0.13052,0.11421,0.0678
7501.0,0.19403,0.00345,0.19829,0.15489,0.23409,0.04616,0.02432,0.14476
7502.0,0.12077,0.12321,0.02317,0.32458,0.08892,0.14534,0.09267,0.08134
7503.0,0.18512,0.10685,0.0396,0.04342,0.10538,0.32218,0.07893,0.11852
7504.0,0.05824,0.17168,0.089,0.23296,0.0638,0.12208,0.1557,0.10655
7505.0,0.08464,0.14441,0.12954,0.13572,0.13987,0.16856,0.10137,0.09591
7507.0,0.0624,0.01607,0.3172,0.24477,0.10022,0.13138,0.08737,0.04059
7561.0,0.08254,0.11469,0.08429,0.278,0.10446,0.12614,0.12266,0.08721
7562.0,0.1322,0.14969,0.07606,0.19543,0.13221,0.08146,0.12266,0.11028
7563.0,0.09464,0.1661,0.07628,0.19397,0.20533,0.08774,0.09798,0.07797
7564.0,0.1304,0.02688,0.22139,0.04723,0.16527,0.10876,0.20502,0.09504
7565.0,0.37068,0.15046,0.02562,0.01229,0.29558,0.03418,0.06834,0.04285
7568.0,0.23012,0.0129,0.27138,0.0279,0.22943,0.01727,0.0815,0.1295
7574.0,8e-05,0.00571,0.00196,0.01028,0.97443,0.00036,0.00302,0.00416
7584.0,0.33005,0.08752,0.11535,0.06594,0.09253,0.13107,0.02978,0.14775
7703.0,0.11824,0.11586,0.09152,0.22282,0.13658,0.11516,0.08708,0.11274
7712.0,0.20281,0.1054,0.07058,0.13187,0.1659,0.10104,0.11191,0.11049
7722.0,0.13272,0.13565,0.12212,0.15225,0.13046,0.10749,0.10451,0.11479
7732.0,0.12601,0.12566,0.12681,0.12284,0.12494,0.12649,0.12899,0.11827
7733.0,0.00052,5e-05,0.07577,0.9168,0.0,0.00407,0.00247,0.00032
7734.0,0.14448,0.08822,0.08118,0.10875,0.05842,0.14515,0.08853,0.28526
