fund number,Beta1,Beta2,Beta3,Beta4,Beta5,Beta6,Beta7,Beta8
2708.0,0.1178,0.10428,0.1053,0.14828,0.17095,0.1277,0.11613,0.10955
2769.0,0.08479,0.09733,0.0944,0.34997,0.0678,0.09772,0.11313,0.09486
2770.0,0.08271,0.09686,0.09532,0.35027,0.06811,0.099,0.11395,0.09377
2772.0,0.08491,0.09714,0.09448,0.34995,0.06789,0.0976,0.11315,0.09489
2776.0,0.19013,0.04453,0.11821,0.09297,0.17705,0.17336,0.09861,0.10515
2801.0,0.10029,0.1161,0.11462,0.15317,0.16936,0.14352,0.10623,0.0967
2805.0,0.08772,0.11776,0.10987,0.1476,0.15409,0.16698,0.11749,0.0985
2889.0,0.15351,0.07935,0.08634,0.15533,0.09831,0.21902,0.10867,0.09946
2897.0,0.15519,0.07897,0.08616,0.1501,0.10481,0.2135,0.1088,0.10247
2899.0,0.10383,0.10469,0.12903,0.21148,0.11521,0.11994,0.11015,0.10568
2907.0,0.09173,0.0876,0.14129,0.1481,0.24213,0.08641,0.09435,0.1084
2909.0,0.09168,0.08854,0.14229,0.15143,0.23852,0.08564,0.09389,0.108
2914.0,0.10392,0.10427,0.12948,0.2126,0.11452,0.1202,0.1097,0.10531
2916.0,0.09148,0.08949,0.14218,0.15314,0.23566,0.08603,0.09399,0.10803
2918.0,0.10387,0.10504,0.12874,0.20991,0.11623,0.12007,0.1104,0.10575
2920.0,0.12399,0.12323,0.08626,0.20049,0.07032,0.1941,0.10835,0.09324
2939.0,0.09179,0.08892,0.1421,0.15191,0.23807,0.0857,0.09377,0.10773
2940.0,0.09265,0.08951,0.14302,0.14701,0.24544,0.08285,0.09267,0.10685
2942.0,0.09101,0.08881,0.14315,0.15183,0.23869,0.08525,0.09374,0.10752
2951.0,0.10372,0.10424,0.12943,0.21233,0.11405,0.12024,0.11022,0.10578
2952.0,0.10365,0.10405,0.12958,0.21261,0.11388,0.12054,0.11021,0.10548
2954.0,0.12594,0.12181,0.08622,0.19813,0.07168,0.1942,0.10896,0.09306
2956.0,0.12642,0.11956,0.08696,0.19819,0.07273,0.19357,0.10906,0.09351
2958.0,0.12682,0.11939,0.08669,0.19674,0.07378,0.19474,0.10804,0.0938
3087.0,0.09289,0.09173,0.1363,0.14852,0.25083,0.08256,0.09367,0.1035
3088.0,0.09293,0.09148,0.13722,0.14897,0.24983,0.08249,0.09372,0.10338
3089.0,0.09309,0.0913,0.13663,0.14823,0.25123,0.0824,0.09361,0.1035
3300.0,0.11482,0.11582,0.11521,0.12842,0.13627,0.13331,0.10539,0.15074
3301.0,0.11548,0.11573,0.11619,0.12776,0.1344,0.13239,0.1044,0.15366
3302.0,0.11474,0.11646,0.11481,0.1289,0.13818,0.13415,0.10715,0.14562
3337.0,0.12376,0.11401,0.10895,0.14978,0.13977,0.15111,0.11939,0.09323
3338.0,0.1255,0.11174,0.1097,0.14859,0.14305,0.14805,0.1198,0.09357
3339.0,0.1235,0.11336,0.10924,0.1516,0.13937,0.15079,0.11927,0.09287
3340.0,0.12337,0.11458,0.10876,0.15155,0.13898,0.15046,0.11949,0.09281
3349.0,0.11105,0.08834,0.1166,0.14916,0.14684,0.17209,0.11243,0.10351
3350.0,0.11142,0.08858,0.11679,0.14913,0.1471,0.17105,0.11213,0.1038
3351.0,0.11069,0.08832,0.11809,0.14995,0.14688,0.17104,0.11161,0.10344
3375.0,0.11907,0.10288,0.10804,0.13407,0.21466,0.10697,0.10107,0.11325
3376.0,0.11925,0.10273,0.10841,0.13336,0.21537,0.10688,0.10096,0.11303
3377.0,0.11894,0.10337,0.10808,0.13405,0.21476,0.10696,0.10084,0.113
3449.0,0.11095,0.10628,0.10912,0.15007,0.15515,0.13892,0.12589,0.10363
3452.0,0.0941,0.1117,0.1109,0.16417,0.1385,0.17198,0.11077,0.09787
3459.0,0.09457,0.11123,0.11055,0.16484,0.13846,0.17168,0.11056,0.0981
3463.0,0.11021,0.1075,0.10859,0.14821,0.1576,0.13831,0.12592,0.10367
3475.0,0.09418,0.11148,0.11136,0.16304,0.13996,0.17148,0.1107,0.09779
3480.0,0.11055,0.10757,0.10825,0.14866,0.15741,0.13807,0.12562,0.10386
3481.0,0.11046,0.10788,0.10807,0.14864,0.15723,0.13832,0.12572,0.10368
3499.0,0.09394,0.11137,0.11151,0.16362,0.13978,0.17143,0.11067,0.09769
3565.0,0.1201,0.09682,0.075,0.17841,0.04054,0.30677,0.08987,0.09248
3566.0,0.08833,0.13121,0.09858,0.12665,0.27275,0.07478,0.1025,0.10519
3569.0,0.08567,0.15815,0.10158,0.16012,0.14778,0.1347,0.11242,0.09958
3595.0,0.09698,0.1037,0.11234,0.10802,0.17353,0.19778,0.10711,0.10054
3597.0,0.0938,0.10389,0.15186,0.1477,0.18738,0.09203,0.10397,0.11937
3613.0,0.05906,0.18641,0.06908,0.08435,0.32635,0.0728,0.10562,0.09634
3621.0,0.11747,0.11386,0.09251,0.12122,0.20703,0.12186,0.11287,0.1132
3693.0,0.10132,0.11583,0.10253,0.12214,0.20217,0.12769,0.11804,0.11027
3704.0,0.11065,0.12494,0.10106,0.1127,0.17795,0.1391,0.12691,0.1067
3720.0,0.11764,0.09985,0.1274,0.13379,0.14659,0.17713,0.09306,0.10454
3799.0,0.11142,0.13221,0.08663,0.19175,0.09817,0.15579,0.11777,0.10625
3800.0,0.11196,0.12921,0.08734,0.19433,0.09697,0.1561,0.11752,0.10657
3801.0,0.11123,0.13026,0.0859,0.19645,0.09665,0.15618,0.11659,0.10674
3802.0,0.11114,0.13039,0.08701,0.19141,0.1005,0.1557,0.11757,0.10628
3803.0,0.10913,0.13566,0.08524,0.19188,0.09853,0.15553,0.11758,0.10644
3805.0,0.11675,0.12311,0.09041,0.18175,0.10606,0.15426,0.11903,0.10862
3806.0,0.11643,0.12524,0.0893,0.18238,0.10564,0.15433,0.11806,0.10864
3807.0,0.11671,0.12591,0.08889,0.18026,0.10634,0.15476,0.11863,0.10849
3808.0,0.11888,0.12668,0.08861,0.17801,0.10787,0.15341,0.11819,0.10834
3809.0,0.11599,0.12974,0.0877,0.1815,0.1052,0.15382,0.11791,0.10814
3810.0,0.12587,0.12469,0.08917,0.1672,0.11955,0.14437,0.11774,0.1114
3811.0,0.12274,0.1268,0.08854,0.16646,0.12031,0.14557,0.11834,0.11122
3812.0,0.12523,0.12285,0.08968,0.16808,0.11697,0.14704,0.11847,0.11168
3813.0,0.12464,0.1252,0.08827,0.1662,0.11788,0.14717,0.11906,0.11157
3815.0,0.12123,0.13097,0.0879,0.16592,0.12056,0.14422,0.11837,0.11083
3816.0,0.13582,0.11879,0.09286,0.15612,0.13256,0.12996,0.11738,0.11651
3817.0,0.1369,0.11925,0.09293,0.15329,0.13573,0.1281,0.11703,0.11677
3818.0,0.13547,0.1175,0.09404,0.15407,0.13372,0.13083,0.11752,0.11685
3819.0,0.1399,0.11735,0.09185,0.15202,0.13636,0.12908,0.11653,0.11691
3820.0,0.13749,0.11837,0.09267,0.15429,0.13434,0.12936,0.11674,0.11673
3923.0,0.10625,0.08426,0.11827,0.23568,0.09455,0.13495,0.12562,0.10042
3930.0,0.10687,0.08355,0.11842,0.23269,0.09783,0.13437,0.1254,0.10088
3936.0,0.10655,0.08355,0.11854,0.23735,0.09346,0.13524,0.12525,0.10006
3964.0,0.12065,0.11249,0.11755,0.16261,0.12938,0.14614,0.11123,0.09994
3971.0,0.0814,0.09653,0.1397,0.2354,0.13363,0.10981,0.10917,0.09436
3972.0,0.08205,0.09639,0.14037,0.23207,0.13761,0.10779,0.10897,0.09475
3973.0,0.08177,0.09597,0.1407,0.23459,0.13567,0.10791,0.10875,0.09463
3974.0,0.12082,0.10783,0.12127,0.16223,0.13701,0.13985,0.11085,0.10014
3975.0,0.08187,0.09609,0.1403,0.23351,0.1361,0.10832,0.10895,0.09484
3982.0,0.12188,0.10862,0.11891,0.16306,0.13125,0.14513,0.11138,0.09977
3992.0,0.11993,0.10747,0.12039,0.16547,0.13282,0.14334,0.11087,0.09971
4074.0,0.07246,0.15136,0.11751,0.15633,0.16017,0.14563,0.10569,0.09086
4075.0,0.0703,0.14793,0.11667,0.1628,0.15099,0.1523,0.10729,0.09173
4076.0,0.06989,0.14976,0.11647,0.16283,0.15176,0.15084,0.10713,0.09132
4077.0,0.07235,0.15222,0.11705,0.15683,0.15946,0.14576,0.10555,0.09078
4128.0,0.11023,0.11458,0.09021,0.15409,0.17118,0.15606,0.09879,0.10486
4129.0,0.11378,0.10949,0.09081,0.13648,0.19267,0.15265,0.09857,0.10556
4130.0,0.11216,0.10915,0.09213,0.15156,0.18108,0.15216,0.09787,0.10389
4131.0,0.10995,0.11242,0.09247,0.14635,0.18194,0.15331,0.09909,0.10446
4132.0,0.11028,0.10883,0.09376,0.1555,0.17367,0.15456,0.09888,0.10452
4133.0,0.08596,0.14185,0.07331,0.17166,0.16813,0.15702,0.09944,0.10263
4134.0,0.08975,0.13843,0.07391,0.16114,0.1747,0.16083,0.09953,0.10171
4301.0,0.14306,0.06258,0.08487,0.30065,0.06305,0.13043,0.12241,0.09294
4366.0,0.10289,0.10545,0.10369,0.16448,0.13102,0.15243,0.13337,0.10667
4367.0,0.10173,0.10696,0.10295,0.16546,0.12859,0.15332,0.13401,0.10698
4368.0,0.10269,0.10718,0.10237,0.16301,0.13083,0.15301,0.13366,0.10725
4369.0,0.10015,0.10763,0.10185,0.16645,0.12879,0.1548,0.13354,0.1068
4370.0,0.10141,0.10525,0.10295,0.16819,0.12667,0.15571,0.1335,0.10632
4371.0,0.1012,0.10529,0.10306,0.16639,0.12782,0.15605,0.13361,0.10656
4372.0,0.10144,0.10722,0.10104,0.16324,0.13038,0.15575,0.13396,0.10697
4373.0,0.10173,0.10694,0.10091,0.1675,0.12656,0.15609,0.13315,0.10713
4375.0,0.09988,0.10811,0.10226,0.16602,0.12839,0.15536,0.13374,0.10624
4376.0,0.10225,0.10985,0.09936,0.15493,0.13682,0.15612,0.133,0.10768
4377.0,0.10178,0.11098,0.09983,0.15387,0.1392,0.15389,0.13307,0.10738
4378.0,0.10194,0.10945,0.10036,0.1554,0.1376,0.15469,0.13313,0.10744
4379.0,0.09767,0.11505,0.09893,0.16456,0.13407,0.14877,0.12965,0.1113
4380.0,0.0956,0.11729,0.09895,0.16743,0.13201,0.14822,0.12967,0.11083
4381.0,0.10376,0.10835,0.09767,0.18142,0.11682,0.15101,0.13005,0.11092
4382.0,0.10213,0.11848,0.09643,0.14914,0.14462,0.1481,0.12867,0.11242
4383.0,0.10217,0.11731,0.09644,0.14672,0.14704,0.14849,0.12931,0.11251
4385.0,0.10271,0.11707,0.09706,0.1499,0.14295,0.14909,0.12906,0.11216
4386.0,0.10305,0.11932,0.09693,0.1489,0.14713,0.14313,0.12692,0.11462
4387.0,0.10327,0.12031,0.09611,0.14698,0.14707,0.14395,0.12731,0.115
4388.0,0.10372,0.11887,0.09644,0.14805,0.14676,0.14428,0.12724,0.11464
4389.0,0.10625,0.12072,0.09651,0.14726,0.14975,0.13698,0.12463,0.1179
4390.0,0.10636,0.1196,0.09596,0.15018,0.14457,0.13976,0.1254,0.11818
4391.0,0.10598,0.12163,0.0956,0.14969,0.14544,0.13875,0.12482,0.11809
4399.0,0.10324,0.10583,0.10314,0.16208,0.13224,0.15271,0.13364,0.10712
4400.0,0.1027,0.10461,0.10379,0.16416,0.13022,0.1541,0.13393,0.1065
4401.0,0.10112,0.10647,0.10405,0.16362,0.13206,0.15235,0.13397,0.10636
4402.0,0.10233,0.10799,0.10183,0.16179,0.13213,0.15352,0.13369,0.1067
4403.0,0.1003,0.10661,0.10241,0.16607,0.12875,0.15497,0.13419,0.10669
4404.0,0.10106,0.10558,0.10353,0.16615,0.12808,0.15497,0.13398,0.10663
4405.0,0.10042,0.10626,0.10251,0.16681,0.12815,0.15556,0.1336,0.10669
4406.0,0.10026,0.10539,0.10228,0.16883,0.12489,0.15752,0.13406,0.10678
4407.0,0.10046,0.10889,0.10114,0.16447,0.13056,0.15455,0.13344,0.10648
4408.0,0.10085,0.10747,0.10137,0.16426,0.13056,0.15485,0.13367,0.10698
4409.0,0.10186,0.10657,0.10151,0.16551,0.12909,0.15533,0.13339,0.10673
4410.0,0.10139,0.10823,0.10218,0.16471,0.12978,0.15397,0.1334,0.10634
4411.0,0.10233,0.10951,0.10011,0.15324,0.13802,0.15566,0.13332,0.10782
4412.0,0.10245,0.11122,0.09901,0.15321,0.13874,0.15517,0.13305,0.10715
4414.0,0.10262,0.10836,0.10028,0.1536,0.13766,0.1566,0.13351,0.10737
4415.0,0.10188,0.10876,0.1006,0.15386,0.13826,0.15606,0.133,0.10758
4416.0,0.09668,0.1182,0.09785,0.16483,0.13389,0.14817,0.12942,0.11095
4417.0,0.09694,0.11533,0.09964,0.16413,0.13493,0.14841,0.12976,0.11085
4418.0,0.09819,0.11653,0.09822,0.16138,0.13726,0.14801,0.12925,0.11116
4419.0,0.09661,0.11729,0.0988,0.16308,0.13605,0.14732,0.12964,0.1112
4420.0,0.10074,0.1199,0.0967,0.14811,0.14697,0.14702,0.12881,0.11174
4421.0,0.10135,0.11781,0.09728,0.14987,0.14468,0.14693,0.12899,0.1131
4422.0,0.11128,0.10634,0.09657,0.16833,0.12335,0.15171,0.12906,0.11335
4424.0,0.10178,0.11819,0.09697,0.1467,0.14668,0.14822,0.12907,0.11239
4425.0,0.10333,0.12028,0.09641,0.14747,0.1486,0.14218,0.12683,0.1149
4426.0,0.104,0.11785,0.09754,0.14791,0.14869,0.14278,0.1265,0.11473
4427.0,0.10338,0.11845,0.09717,0.1484,0.1465,0.14413,0.12718,0.11478
4428.0,0.10373,0.11885,0.09683,0.14843,0.14607,0.14436,0.12701,0.11472
4429.0,0.10548,0.12229,0.09566,0.14687,0.14981,0.13779,0.12463,0.11748
4430.0,0.10568,0.123,0.09513,0.14797,0.14846,0.137,0.12463,0.11814
4431.0,0.10584,0.12034,0.09635,0.14729,0.14991,0.13753,0.12511,0.11764
4432.0,0.10481,0.12347,0.09494,0.14928,0.14577,0.13837,0.12539,0.11797
4519.0,0.09354,0.0839,0.13583,0.18861,0.17062,0.12409,0.10816,0.09526
4520.0,0.09676,0.08051,0.13594,0.18471,0.17719,0.12262,0.10843,0.09383
4521.0,0.09614,0.08193,0.13476,0.18678,0.17632,0.12229,0.10832,0.09347
4522.0,0.09365,0.08063,0.13836,0.18827,0.17095,0.12471,0.10826,0.09516
4523.0,0.09219,0.08277,0.13636,0.18836,0.16982,0.12619,0.10867,0.09564
4524.0,0.09692,0.08033,0.13517,0.18563,0.17614,0.12374,0.10842,0.09364
4525.0,0.0927,0.08148,0.1377,0.18988,0.17008,0.1248,0.10804,0.09533
4526.0,0.07699,0.1235,0.12814,0.14194,0.17612,0.14701,0.11207,0.09423
4527.0,0.05919,0.1298,0.12102,0.14667,0.13955,0.17735,0.13117,0.09525
4528.0,0.07679,0.12308,0.12761,0.13743,0.1798,0.14755,0.11302,0.09471
4529.0,0.07714,0.1216,0.12819,0.13689,0.17961,0.14835,0.11328,0.09494
4530.0,0.07689,0.12234,0.12801,0.13762,0.17928,0.14769,0.11331,0.09486
4531.0,0.0766,0.12217,0.12879,0.13891,0.17825,0.14727,0.11304,0.09498
4544.0,0.14837,0.06406,0.10918,0.14193,0.1886,0.13334,0.1059,0.10862
4545.0,0.14796,0.06384,0.10987,0.14185,0.18841,0.13378,0.10611,0.1082
4546.0,0.1485,0.06385,0.10942,0.14108,0.18901,0.13411,0.1059,0.10814
4547.0,0.14835,0.06342,0.10995,0.14252,0.18736,0.1336,0.10623,0.10858
4548.0,0.14724,0.06471,0.10944,0.14292,0.18663,0.13397,0.10633,0.10876
4549.0,0.14871,0.06427,0.10912,0.14133,0.18784,0.13395,0.10614,0.10864
4550.0,0.14831,0.06395,0.10974,0.14257,0.18699,0.13388,0.10609,0.10849
4564.0,0.1151,0.05601,0.14871,0.14853,0.11903,0.23878,0.08846,0.08538
4565.0,0.116,0.05559,0.14857,0.14776,0.12019,0.23824,0.08823,0.08541
4566.0,0.11605,0.05561,0.14999,0.14778,0.12058,0.23656,0.0882,0.08523
4567.0,0.11535,0.05537,0.14941,0.14821,0.11986,0.2381,0.08844,0.08526
4568.0,0.11601,0.05574,0.14912,0.1474,0.12132,0.23698,0.08827,0.08516
4569.0,0.11612,0.05538,0.15046,0.14828,0.1206,0.23575,0.08825,0.08517
4570.0,0.11594,0.05554,0.14973,0.14782,0.12046,0.23706,0.08826,0.0852
4682.0,0.05703,0.12226,0.12663,0.1412,0.14998,0.17828,0.12837,0.09627
4700.0,0.12306,0.11386,0.08798,0.08028,0.27402,0.12384,0.10203,0.09492
4732.0,0.10064,0.09522,0.12912,0.13499,0.18335,0.15183,0.10455,0.1003
4738.0,0.08933,0.09351,0.12775,0.15433,0.15684,0.16652,0.10941,0.1023
4777.0,0.10073,0.09503,0.1289,0.1343,0.18432,0.15183,0.10459,0.1003
4781.0,0.10032,0.09523,0.12911,0.13436,0.18479,0.15104,0.10469,0.10045
4908.0,0.09053,0.11785,0.12139,0.20407,0.07131,0.19434,0.09563,0.10489
4909.0,0.09067,0.11656,0.12209,0.20197,0.07236,0.19501,0.09639,0.10495
4911.0,0.07002,0.12253,0.11666,0.22585,0.06093,0.20289,0.09803,0.10309
4915.0,0.09067,0.11253,0.13097,0.15756,0.14289,0.16208,0.10277,0.10053
4917.0,0.09082,0.11048,0.13265,0.15933,0.14315,0.16147,0.10256,0.09954
4918.0,0.09914,0.12467,0.11144,0.14215,0.13733,0.18416,0.09668,0.10442
4919.0,0.0901,0.11806,0.12204,0.20062,0.07356,0.19353,0.09663,0.10547
4921.0,0.09101,0.11197,0.13256,0.15609,0.14505,0.16079,0.10275,0.09978
4924.0,0.0896,0.11666,0.12375,0.20598,0.07163,0.19125,0.09596,0.10516
4925.0,0.08961,0.11143,0.13247,0.16014,0.14056,0.16314,0.10287,0.09978
4926.0,0.09058,0.1107,0.13316,0.15725,0.14373,0.16131,0.10318,0.10008
4927.0,0.09013,0.11077,0.13237,0.15988,0.14111,0.16344,0.10281,0.09948
4928.0,0.09075,0.11484,0.12305,0.2021,0.07206,0.19509,0.0966,0.10552
4944.0,0.10204,0.09415,0.11106,0.20669,0.12107,0.13175,0.1348,0.09843
4945.0,0.1087,0.10183,0.10787,0.18569,0.13004,0.1291,0.13156,0.10522
4954.0,0.11374,0.09877,0.10514,0.1928,0.11621,0.14168,0.12579,0.10586
4955.0,0.11312,0.10071,0.10526,0.19029,0.11791,0.14118,0.12591,0.10563
4956.0,0.11339,0.0999,0.10538,0.1924,0.11658,0.14121,0.12567,0.10548
4957.0,0.11332,0.09962,0.10563,0.19225,0.11742,0.14024,0.12571,0.10582
4958.0,0.11328,0.10605,0.1085,0.17629,0.12951,0.13521,0.12349,0.10767
4959.0,0.11325,0.1062,0.10758,0.17615,0.12891,0.13642,0.12367,0.1078
4960.0,0.11682,0.10059,0.10768,0.18731,0.11803,0.13727,0.12458,0.10771
4961.0,0.11305,0.10611,0.10763,0.17576,0.12901,0.13668,0.12392,0.10783
4976.0,0.10876,0.10156,0.11518,0.15764,0.12558,0.17832,0.11345,0.09949
4977.0,0.10892,0.10161,0.11507,0.15748,0.12617,0.17767,0.11337,0.09972
4978.0,0.10905,0.10174,0.11505,0.15695,0.1263,0.17775,0.11345,0.0997
4999.0,0.10898,0.09989,0.11548,0.15935,0.12338,0.17955,0.11369,0.09967
5002.0,0.10919,0.10132,0.11516,0.15724,0.12598,0.17814,0.1133,0.09966
5031.0,0.09165,0.10002,0.12506,0.21509,0.09673,0.15987,0.11648,0.09509
5032.0,0.09231,0.09933,0.12453,0.21516,0.09729,0.15978,0.11621,0.09539
5033.0,0.09183,0.09875,0.12505,0.21533,0.09667,0.16062,0.11645,0.0953
5043.0,0.09862,0.06831,0.101,0.33448,0.08805,0.10475,0.1142,0.09059
5044.0,0.09839,0.06822,0.10095,0.33527,0.08771,0.10474,0.11418,0.09054
5060.0,0.09531,0.06749,0.1025,0.33494,0.08877,0.10671,0.11528,0.089
5063.0,0.09518,0.06718,0.10285,0.3356,0.08861,0.10651,0.11517,0.08889
5073.0,0.09857,0.06833,0.10091,0.33521,0.08766,0.10475,0.11405,0.09054
5086.0,0.11477,0.1019,0.11086,0.17002,0.14875,0.12378,0.12804,0.10188
5087.0,0.10169,0.10236,0.10746,0.18454,0.13073,0.13254,0.13622,0.10446
5094.0,0.1124,0.09584,0.10841,0.18783,0.12899,0.12959,0.13246,0.10447
5095.0,0.13625,0.10055,0.10873,0.15961,0.12293,0.14838,0.13092,0.09262
5098.0,0.1144,0.10063,0.11005,0.17237,0.14756,0.12435,0.12826,0.10237
5100.0,0.11329,0.10209,0.11182,0.17149,0.15018,0.12134,0.12788,0.10192
5103.0,0.1147,0.10098,0.11167,0.17017,0.151,0.12152,0.12778,0.10219
5145.0,0.07985,0.06629,0.07982,0.41683,0.06024,0.1035,0.10943,0.08405
5146.0,0.07577,0.11215,0.12172,0.21433,0.09852,0.16249,0.12001,0.09502
5147.0,0.07479,0.1127,0.12146,0.21692,0.09727,0.16238,0.11972,0.09476
5153.0,0.07549,0.11123,0.12251,0.21599,0.09755,0.16255,0.11996,0.09472
5254.0,0.09101,0.13428,0.11662,0.16898,0.13979,0.13769,0.11027,0.10135
5255.0,0.09138,0.13362,0.11678,0.16836,0.14049,0.13775,0.11022,0.1014
5256.0,0.09118,0.1339,0.1167,0.16806,0.14073,0.13774,0.11029,0.1014
5257.0,0.09129,0.1338,0.11663,0.16817,0.1405,0.13808,0.11022,0.1013
5258.0,0.09139,0.13426,0.11652,0.16763,0.14087,0.13776,0.11019,0.10138
5259.0,0.09174,0.13248,0.11709,0.16859,0.14061,0.1378,0.11023,0.10147
5260.0,0.09179,0.13315,0.11662,0.16842,0.14033,0.13802,0.11011,0.10156
5261.0,0.09079,0.13389,0.11697,0.16898,0.14033,0.13734,0.11031,0.10138
5262.0,0.09154,0.13304,0.11667,0.1681,0.14078,0.13814,0.11019,0.10155
5263.0,0.09147,0.13257,0.11723,0.16797,0.14113,0.13794,0.11032,0.10136
5264.0,0.0914,0.13354,0.11677,0.16833,0.14073,0.13764,0.11018,0.1014
5265.0,0.0914,0.13341,0.11699,0.16816,0.14085,0.13756,0.1102,0.10143
5266.0,0.09123,0.13342,0.11687,0.16819,0.14077,0.13782,0.11031,0.1014
5267.0,0.0912,0.134,0.11654,0.16856,0.14011,0.13797,0.11033,0.10128
5268.0,0.10116,0.11704,0.08192,0.14457,0.12953,0.19439,0.12202,0.10938
5270.0,0.14469,0.0727,0.0799,0.16197,0.14922,0.16316,0.12735,0.10101
5277.0,0.09139,0.12027,0.12306,0.13715,0.21971,0.09363,0.10893,0.10586
5286.0,0.08907,0.12374,0.11044,0.12638,0.13044,0.15633,0.14569,0.11791
5307.0,0.13948,0.1283,0.13004,0.12623,0.12436,0.12291,0.11107,0.1176
5361.0,0.13219,0.10905,0.14057,0.10141,0.11879,0.1335,0.09247,0.17201
5427.0,0.13976,0.13314,0.12293,0.12167,0.1368,0.12823,0.11366,0.10381
5428.0,0.1313,0.12691,0.12454,0.12579,0.12254,0.12457,0.12147,0.12289
5429.0,0.13738,0.12481,0.12898,0.13408,0.12315,0.12175,0.10614,0.1237
5449.0,0.09822,0.26368,0.03599,0.11669,0.23801,0.05941,0.11061,0.07739
5450.0,0.11509,0.13559,0.08607,0.31414,0.02076,0.1174,0.11258,0.09836
5451.0,0.09154,0.39923,0.05568,0.06705,0.17546,0.05984,0.06164,0.08958
5455.0,0.01856,0.01568,0.03765,0.02032,0.85111,0.00374,0.01515,0.03779
5617.0,0.11531,0.1424,0.12824,0.14659,0.12364,0.1227,0.11114,0.10997
5655.0,0.11664,0.11831,0.12272,0.14126,0.12723,0.12237,0.11182,0.13964
5657.0,0.25955,0.06049,0.02902,0.04578,0.04976,0.26765,0.19517,0.09259
5702.0,0.13495,9e-05,0.08578,0.00441,0.72268,0.00286,0.00838,0.04085
5726.0,0.12893,0.12281,0.1858,0.09151,0.11499,0.16278,0.11983,0.07335
5736.0,0.11061,0.10864,0.15635,0.13846,0.13977,0.12386,0.10237,0.11995
5737.0,0.03034,0.42903,0.03309,0.11346,0.18369,0.04158,0.05339,0.11541
5791.0,0.04187,0.13859,0.11285,0.08512,0.1398,0.2542,0.14018,0.08739
5801.0,0.12798,0.11441,0.14179,0.13378,0.14431,0.13473,0.11638,0.08662
5802.0,0.0555,0.12666,0.15256,0.19887,0.08119,0.22017,0.09679,0.06826
5806.0,0.14643,0.09906,0.07784,0.196,0.12254,0.13205,0.11834,0.10774
5820.0,0.21929,0.04984,0.09139,0.27393,0.06998,0.11082,0.09272,0.09204
5821.0,0.0695,0.09849,0.06045,0.28279,0.2043,0.06142,0.12848,0.09456
5843.0,0.08092,0.15388,0.07151,0.21083,0.12609,0.13055,0.12053,0.10569
5844.0,0.11622,0.08284,0.11927,0.20948,0.18232,0.05902,0.10681,0.12405
5994.0,0.13328,0.19961,0.15965,0.09328,0.08889,0.09861,0.13424,0.09245
6030.0,0.1108,0.13426,0.07773,0.10654,0.12727,0.14776,0.15231,0.14333
6032.0,0.0848,0.08587,0.12626,0.17896,0.13408,0.15919,0.11612,0.11472
6037.0,0.12984,0.12365,0.10909,0.12949,0.13181,0.13279,0.12502,0.1183
6039.0,0.13261,0.12839,0.12592,0.12358,0.12608,0.12774,0.12415,0.11152
6045.0,0.12828,0.12781,0.12905,0.1248,0.12644,0.12702,0.12237,0.11422
6076.0,0.08895,0.07811,0.17191,0.12468,0.15612,0.25797,0.07427,0.048
6077.0,0.06294,0.21045,0.05171,0.11259,0.14634,0.20357,0.11199,0.10041
6078.0,0.12972,0.12775,0.12458,0.12665,0.12481,0.12048,0.1151,0.1309
6079.0,0.16004,0.08135,0.10443,0.14176,0.14264,0.14674,0.12338,0.09966
6080.0,0.1285,0.12674,0.12917,0.12325,0.1232,0.12461,0.12207,0.12247
6103.0,0.1377,0.0276,0.03582,0.00763,0.64956,0.02832,0.05243,0.06094
6112.0,0.09465,0.14103,0.17603,0.16347,0.09127,0.10467,0.11671,0.11217
6113.0,0.05991,0.31767,0.07166,0.16185,0.11457,0.12186,0.05372,0.09876
6114.0,0.07878,0.0552,0.12832,0.31767,0.18404,0.0135,0.13731,0.08517
6115.0,0.1035,0.08302,0.1114,0.11688,0.17281,0.23943,0.11205,0.0609
6259.0,0.12084,0.13195,0.11185,0.14973,0.13919,0.13603,0.11515,0.09526
6260.0,0.11588,0.11517,0.08474,0.17729,0.17791,0.12023,0.11023,0.09855
6380.0,0.39782,0.08984,0.04236,0.06096,0.15185,0.09475,0.04481,0.11762
6381.0,0.06542,0.18022,0.20026,0.07011,0.13064,0.15955,0.07417,0.11963
6382.0,0.15841,0.1394,0.05932,0.06639,0.24026,0.12371,0.11004,0.10247
6383.0,0.09869,0.11567,0.12231,0.11374,0.20032,0.13606,0.1123,0.10092
6384.0,0.00919,0.35984,0.09021,0.00764,0.47303,0.0061,0.01844,0.03553
6444.0,0.00066,0.92176,0.00145,0.00221,0.03834,0.02619,0.00375,0.00563
6445.0,0.11117,0.1197,0.07255,0.09039,0.15328,0.13684,0.21451,0.10157
6446.0,0.05786,0.07532,0.0981,0.23271,0.02818,0.37174,0.08856,0.04753
6447.0,0.12027,0.10814,0.07378,0.16236,0.05491,0.26739,0.09064,0.12251
6448.0,0.08311,0.06656,0.16059,0.15176,0.14951,0.17188,0.12361,0.09299
6586.0,0.11795,0.1123,0.10556,0.11681,0.15889,0.18375,0.13594,0.0688
6587.0,0.08653,0.23463,0.10157,0.11525,0.1159,0.17897,0.09835,0.0688
6588.0,0.06262,0.04866,0.18456,0.44143,0.05947,0.08328,0.0731,0.04688
6589.0,0.12375,0.04967,0.02389,0.02453,0.63834,0.0144,0.07017,0.05527
6590.0,0.10303,0.08701,0.19439,0.13199,0.13738,0.14744,0.13568,0.06308
6600.0,0.12888,0.15636,0.09591,0.1558,0.13877,0.11237,0.11872,0.0932
6601.0,0.13474,0.12546,0.11351,0.1282,0.1255,0.11868,0.14408,0.10984
6711.0,0.17943,0.1188,0.09438,0.14167,0.15606,0.08099,0.17106,0.05762
6741.0,0.10901,0.1199,0.1109,0.13305,0.14341,0.11798,0.13778,0.12796
6745.0,0.04254,0.12633,0.06644,0.42846,0.01919,0.17024,0.08341,0.06339
6790.0,0.15108,0.10263,0.11178,0.15601,0.13672,0.11088,0.0814,0.14949
6791.0,0.11672,0.12668,0.06926,0.17901,0.17476,0.12236,0.10205,0.10916
6795.0,0.09481,0.10339,0.1071,0.15358,0.15715,0.17218,0.14602,0.06577
6853.0,0.177,0.45372,0.02075,0.02152,0.05599,0.17502,0.03776,0.05824
6896.0,0.04037,0.18654,0.12711,0.24779,0.07112,0.16488,0.0891,0.07309
6898.0,0.08747,0.06346,0.02571,0.11758,0.13836,0.33116,0.06043,0.17583
6927.0,0.29634,0.00901,0.01269,0.00087,0.57033,0.0433,0.03007,0.03739
6960.0,0.13278,0.10078,0.09576,0.12594,0.18234,0.17757,0.07726,0.10757
6966.0,0.03055,0.35299,0.09296,0.12619,0.07408,0.01364,0.10048,0.20912
7082.0,0.18611,0.00132,0.17457,0.00991,0.06656,0.34067,0.08919,0.13167
7103.0,0.13096,0.12234,0.12912,0.12766,0.12459,0.12346,0.13999,0.10189
7104.0,0.01024,0.68479,2e-05,1e-05,2e-05,0.00032,0.00036,0.30424
7148.0,0.12559,0.12504,0.12497,0.12492,0.12447,0.12449,0.12543,0.12509
7157.0,0.12543,0.12503,0.12498,0.12494,0.12461,0.12463,0.12531,0.12507
7234.0,0.16193,0.09817,0.08232,0.1723,0.14438,0.10381,0.1258,0.11128
7235.0,0.08754,0.14808,0.10396,0.13864,0.18323,0.14215,0.08246,0.11393
7314.0,0.13066,0.12781,0.12775,0.12409,0.12559,0.1259,0.11887,0.11932
7339.0,0.13099,0.16353,0.17158,0.1045,0.12036,0.11776,0.1163,0.07499
7340.0,0.08228,0.22094,0.18881,0.10899,0.10639,0.17477,0.05068,0.06713
7341.0,0.11194,0.13146,0.11166,0.13575,0.12997,0.15341,0.13227,0.09353
7374.0,0.12205,0.11494,0.12097,0.13066,0.11832,0.12609,0.12949,0.13749
7393.0,0.07119,0.32637,0.0947,0.0964,0.13076,0.13378,0.09999,0.04682
7394.0,0.88085,0.00044,0.00047,0.01559,0.00132,0.00338,0.06454,0.03343
7395.0,0.8965,0.00031,0.00033,0.01279,0.00096,0.0026,0.05746,0.02905
7396.0,0.10976,0.11314,0.06592,0.11605,0.18233,0.20597,0.11965,0.08718
7445.0,0.1398,0.10644,0.14521,0.11003,0.11724,0.12695,0.11628,0.13804
7446.0,0.125,0.125,0.125,0.125,0.125,0.125,0.125,0.125
7447.0,0.03461,0.12872,0.17297,0.16126,0.28778,0.09091,0.0885,0.03524
7490.0,0.10845,0.10473,0.10066,0.07213,0.16123,0.22675,0.16046,0.06559
7491.0,0.27874,0.20634,0.01691,0.02181,0.08688,0.02757,0.02952,0.33222
7492.0,0.03996,9e-05,0.02935,0.1447,0.28624,0.44112,0.02666,0.03188
7493.0,0.06655,0.11045,0.10105,0.20849,0.10927,0.17753,0.11767,0.10898
7494.0,0.08474,0.03597,0.09918,0.27064,0.21238,0.07247,0.13114,0.09348
7495.0,0.10745,0.08713,0.0666,0.23842,0.17466,0.1046,0.12145,0.09969
7497.0,0.17002,0.01877,0.17051,0.11491,0.36009,0.02451,0.08007,0.06112
7498.0,0.21829,0.09541,0.05457,0.05011,0.10772,0.32453,0.06398,0.0854
7510.0,0.12002,0.13524,0.14887,0.11478,0.12361,0.13186,0.10792,0.1177
7511.0,0.10198,0.0924,0.09699,0.20382,0.1413,0.12377,0.09392,0.14583
7768.0,0.125,0.125,0.125,0.125,0.125,0.125,0.125,0.125
7773.0,0.12541,0.12585,0.12612,0.12658,0.12628,0.12744,0.1187,0.12362
7775.0,0.0652,0.08351,0.0692,0.12892,0.13486,0.2161,0.14309,0.15912
7856.0,0.4328,0.03342,0.04158,0.03129,0.09774,0.23079,0.05389,0.07849
7865.0,0.00677,0.22809,0.01957,0.62984,0.02376,0.02815,0.04663,0.01719
7875.0,0.23162,0.03245,0.10927,0.14381,0.04823,0.20389,0.12454,0.10619
7884.0,0.26091,0.07197,0.10627,0.07546,0.07786,0.14059,0.1408,0.12614
7894.0,0.117,0.13249,0.11617,0.12579,0.10615,0.09683,0.16477,0.14079
7904.0,0.07009,0.01465,0.16058,0.10147,0.49106,0.0172,0.0728,0.07215
7914.0,0.04937,0.14991,0.03795,0.25165,0.05622,0.31019,0.078,0.06671
7923.0,0.07638,0.14994,0.15406,0.13313,0.10684,0.13952,0.14214,0.09799
7928.0,0.40966,0.16476,0.01452,0.11103,0.01228,0.08175,0.02713,0.17886
7929.0,0.04635,0.05712,0.01113,0.2788,0.03694,0.45709,0.05986,0.05272
7930.0,0.26266,0.02093,0.01427,0.00564,0.13787,0.04474,0.06194,0.45196
7931.0,0.1699,0.07349,0.08856,0.07547,0.21862,0.18132,0.0793,0.11333
7967.0,0.09253,0.10772,0.10001,0.24381,0.13337,0.11646,0.12133,0.08477
7969.0,0.07798,0.09309,0.13147,0.10485,0.15369,0.20544,0.11412,0.11936
7971.0,0.1549,0.08518,0.06148,0.19172,0.16646,0.15445,0.11655,0.06927
7972.0,0.07361,0.1554,0.14205,0.06817,0.1133,0.15797,0.07947,0.21004
7993.0,0.06496,0.2595,0.13264,0.08146,0.08781,0.1931,0.07457,0.10595
8012.0,0.10964,0.10474,0.12046,0.13953,0.15878,0.14219,0.15717,0.06749
8024.0,0.09176,0.18425,0.01856,0.15433,0.02393,0.21486,0.15407,0.15824
8032.0,0.10751,0.05598,0.04793,0.03699,0.56967,0.05576,0.07456,0.0516
8071.0,0.1089,0.11752,0.11557,0.14716,0.13582,0.11651,0.12984,0.12868
8075.0,0.10806,0.11441,0.10329,0.11709,0.1433,0.16813,0.11372,0.132
8112.0,0.06721,0.10063,0.05842,0.1581,0.25288,0.12242,0.09576,0.14456
8116.0,0.09381,0.20157,0.1657,0.10526,0.11565,0.14206,0.04528,0.13066
8118.0,0.12958,0.12877,0.11139,0.14296,0.13368,0.1404,0.10392,0.1093
8119.0,0.12455,0.10271,0.11669,0.17321,0.17166,0.09919,0.09635,0.11565
8120.0,0.11785,0.12522,0.1212,0.11941,0.13368,0.13308,0.1267,0.12288
8143.0,0.07757,0.14554,0.08327,0.04582,0.32994,0.15361,0.07696,0.08728
8160.0,0.12235,0.14746,0.07618,0.14603,0.11855,0.1975,0.10059,0.09134
8279.0,0.0012,0.78976,0.00136,0.01885,0.00481,0.13826,0.02812,0.01764
8306.0,0.90565,0.00017,0.06883,0.00079,0.00284,0.02038,0.00124,0.0001
8314.0,0.11698,0.10401,0.0819,0.1086,0.17604,0.22738,0.12088,0.06422
8364.0,0.46355,0.02445,0.01684,0.0267,0.07802,0.24909,0.05219,0.08915
8365.0,0.16384,0.10194,0.09222,0.19766,0.12297,0.10944,0.1218,0.09012
8366.0,0.12638,0.15593,0.08573,0.19074,0.14005,0.10691,0.12594,0.06832
8367.0,0.13234,0.12831,0.12899,0.12334,0.12582,0.12714,0.11833,0.11572
8368.0,0.16587,8e-05,0.32104,0.0254,0.46912,0.00162,0.01347,0.0034
8413.0,0.07378,0.01713,0.07802,0.44735,0.02149,0.22873,0.07107,0.06244
8415.0,0.15134,0.05587,0.07097,0.12441,0.05811,0.30823,0.10518,0.12589
8417.0,0.18291,0.01767,0.07873,0.03821,0.1527,0.33368,0.09308,0.10302
8420.0,0.09383,0.15574,0.11003,0.15225,0.13848,0.1362,0.09593,0.11754
8421.0,0.13973,0.12847,0.13492,0.12085,0.12256,0.13502,0.10593,0.11253
8424.0,0.0,0.0,0.0,0.11359,0.0,0.0,0.0,0.88641
8561.0,0.11306,0.13767,0.12657,0.13963,0.1553,0.18998,0.08534,0.05246
8562.0,0.14846,0.12282,0.14524,0.08918,0.10604,0.24567,0.08645,0.05614
8563.0,0.12885,0.09067,0.06951,0.11965,0.29037,0.06243,0.12517,0.11336
8565.0,0.12418,0.11362,0.10304,0.11881,0.14753,0.15446,0.14462,0.09373
8566.0,0.18343,0.10861,0.10168,0.08236,0.07412,0.32278,0.08763,0.03939
8572.0,0.04437,0.62625,0.02543,0.06167,0.11689,0.04603,0.03721,0.04213
8582.0,0.1295,0.08324,0.02321,0.042,0.1528,0.31475,0.10331,0.15118
8585.0,0.13723,0.09338,0.11553,0.15226,0.14609,0.15719,0.10089,0.09743
8586.0,0.12888,0.1235,0.11571,0.12414,0.12358,0.11792,0.14316,0.12312
8588.0,0.10457,0.2627,0.05078,0.10714,0.13591,0.14258,0.09839,0.09792
8589.0,0.10183,0.09527,0.16818,0.1506,0.21641,0.01336,0.1107,0.14363
8590.0,0.18067,0.04847,0.17802,0.11287,0.13433,0.10194,0.09764,0.14606
8613.0,0.0704,0.24798,0.09832,0.13443,0.11759,0.1257,0.0992,0.10637
8616.0,0.1905,0.00133,0.31911,0.25686,0.00889,0.11217,0.05453,0.05661
8618.0,0.1117,0.11484,0.15865,0.124,0.11034,0.17814,0.12238,0.07994
8619.0,0.1547,0.10993,0.14916,0.15598,0.10558,0.14014,0.08904,0.09548
8620.0,0.08831,0.16256,0.09468,0.20294,0.13853,0.15732,0.09489,0.06078
8621.0,0.1382,0.10337,0.09153,0.19015,0.17447,0.11854,0.08126,0.10248
8622.0,0.02773,0.172,0.01647,0.16515,0.01236,0.49926,0.05303,0.05399
8623.0,0.06608,0.08003,0.07135,0.29305,0.02471,0.31373,0.09168,0.05937
8624.0,0.29254,0.00047,0.438,0.02995,0.01299,0.04886,0.02599,0.1512
8625.0,0.05935,0.11831,0.15097,0.12617,0.22338,0.13218,0.07437,0.11528
8626.0,0.07717,0.25679,0.09463,0.23137,0.07367,0.10111,0.08829,0.07697
8627.0,0.11342,0.11363,0.08384,0.17948,0.15015,0.11479,0.13371,0.11097
8772.0,0.09711,0.12895,0.21646,0.15243,0.13589,0.11886,0.09705,0.05326
8776.0,0.33684,0.09994,0.02715,0.03595,0.22159,0.05441,0.05075,0.17337
8785.0,0.14331,0.11292,0.00901,0.09807,0.05416,0.229,0.15971,0.19382
8786.0,0.10785,0.12226,0.12254,0.11307,0.21289,0.08881,0.12112,0.11147
8808.0,0.09807,0.11906,0.1375,0.14131,0.15959,0.15885,0.10565,0.07998
8811.0,0.02511,0.00328,0.53693,0.14916,0.12121,0.00056,0.10304,0.06071
8813.0,0.46244,0.04729,0.04132,0.04938,0.27664,0.01118,0.06872,0.04302
8814.0,0.12721,0.12906,0.13883,0.11746,0.12668,0.11954,0.13538,0.10584
8816.0,0.13316,0.13505,0.12411,0.12309,0.11912,0.13069,0.09752,0.13726
8818.0,0.04175,0.2392,0.06395,0.08967,0.15146,0.23402,0.1,0.07996
8914.0,0.125,0.125,0.125,0.125,0.125,0.125,0.125,0.125
8919.0,0.125,0.125,0.125,0.125,0.125,0.125,0.125,0.125
8959.0,0.06562,0.17585,0.06565,0.27946,0.05108,0.20215,0.07198,0.08821
8960.0,0.07674,0.08486,0.12954,0.14149,0.14495,0.20357,0.14038,0.07847
8961.0,0.62282,0.0,0.0,0.0,0.00011,0.37708,0.0,0.0
8962.0,0.02664,0.13229,0.11663,0.20641,0.052,0.26964,0.09765,0.09874
9005.0,0.21013,0.31352,0.01436,0.02235,0.06133,0.1108,0.0906,0.17691
9094.0,0.1354,0.13256,0.12741,0.11936,0.1215,0.11671,0.12761,0.11945
9103.0,0.10942,0.16772,0.1486,0.08622,0.14642,0.15206,0.09841,0.09116
9110.0,0.06632,0.11208,0.1411,0.09693,0.21609,0.27581,0.04463,0.04705
9158.0,0.13598,0.12842,0.12661,0.12775,0.12793,0.12971,0.10939,0.11421
9170.0,0.09731,0.10272,0.10011,0.27518,0.06653,0.17024,0.11061,0.0773
9179.0,0.04016,0.16811,0.12668,0.3008,0.07169,0.08419,0.1316,0.07676
9180.0,0.13974,0.11872,0.12173,0.1365,0.13113,0.11342,0.13336,0.1054
9184.0,0.11293,0.1171,0.14031,0.12463,0.12327,0.14499,0.1198,0.11697
9195.0,0.13179,0.09246,0.12769,0.16417,0.0777,0.09617,0.07363,0.23637
9246.0,0.0,0.0,0.99564,0.0038,0.0,0.00056,0.0,0.0
9316.0,0.10688,0.15294,0.08608,0.13419,0.23636,0.07887,0.0961,0.10858
9327.0,0.02101,0.1187,0.03719,0.01703,0.68226,0.04427,0.03083,0.04871
9328.0,0.48419,0.01006,0.01185,0.09242,0.00017,0.3566,0.02469,0.02003
9332.0,0.05905,0.16956,0.08942,0.25336,0.09174,0.15495,0.11306,0.06886
9351.0,0.11097,0.09773,0.0888,0.24468,0.14059,0.11438,0.11065,0.09221
9352.0,0.09525,0.10675,0.08909,0.18871,0.16551,0.15766,0.11619,0.08084
9401.0,0.24312,0.01697,0.1133,0.03566,0.06379,0.39505,0.10819,0.02392
9402.0,0.02908,0.03174,0.24216,0.11022,0.47946,0.01162,0.05892,0.03681
9403.0,0.11288,0.42603,0.00334,0.01801,0.14615,0.00824,0.06556,0.21979
9404.0,0.08579,0.14901,0.12799,0.1335,0.13644,0.15335,0.1107,0.10321
9407.0,0.0965,0.09997,0.12254,0.17445,0.16496,0.1396,0.11883,0.08315
9456.0,0.09788,0.0737,0.11318,0.17397,0.19488,0.06499,0.12844,0.15296
9480.0,0.03736,0.2006,0.03805,0.35055,0.04023,0.16627,0.09286,0.07408
9481.0,0.19073,0.0748,0.06695,0.27892,0.11989,0.0572,0.09021,0.1213
9482.0,0.03552,0.09942,0.12482,0.47842,0.03866,0.07153,0.08534,0.06628
9483.0,0.0492,0.09733,0.06135,0.31068,0.00837,0.3275,0.08991,0.05566
9484.0,0.03713,0.13608,0.10619,0.41621,0.05255,0.06135,0.09091,0.09959
9498.0,0.07551,0.13454,0.13217,0.28276,0.13264,0.06063,0.07993,0.10181
9593.0,0.3958,0.03619,0.01702,0.02964,0.03004,0.38327,0.0496,0.05844
9594.0,0.15465,0.0532,0.10688,0.26206,0.08479,0.08719,0.12336,0.12787
9595.0,0.38884,0.09056,0.02491,0.0237,0.15669,0.13904,0.08378,0.09248
9596.0,0.10889,0.05347,0.07498,0.18936,0.18793,0.29633,0.05833,0.03072
9597.0,0.06207,1e-05,9e-05,0.0,0.93711,1e-05,0.00017,0.00055
9598.0,0.13405,0.10451,0.09795,0.07402,0.02521,0.32048,0.07313,0.17065
