fund number,Beta1,Beta2,Beta3,Beta4,Beta5,Beta6,Beta7,Beta8
2413.0,0.09645,0.11514,0.11066,0.15894,0.17516,0.1158,0.12232,0.10554
2724.0,0.09149,0.1051,0.14109,0.16717,0.15824,0.12289,0.10747,0.10655
2729.0,0.07595,0.1153,0.10343,0.3096,0.10259,0.09385,0.10062,0.09866
2731.0,0.08784,0.10078,0.10882,0.11056,0.26772,0.11614,0.10582,0.10234
2733.0,0.07937,0.11647,0.11098,0.19895,0.17233,0.11071,0.10496,0.10624
2755.0,0.09918,0.1157,0.10661,0.1271,0.20651,0.12895,0.11098,0.10496
2761.0,0.08523,0.1238,0.11226,0.17025,0.16976,0.11304,0.12455,0.1011
2762.0,0.08611,0.12206,0.11243,0.16994,0.16969,0.11392,0.12467,0.10118
2771.0,0.09012,0.11987,0.08639,0.20214,0.17638,0.10041,0.10905,0.11565
2777.0,0.10037,0.08947,0.1162,0.21603,0.13355,0.10874,0.1333,0.10234
2813.0,0.09467,0.12288,0.11868,0.17927,0.1561,0.12153,0.10513,0.10173
2815.0,0.07397,0.17389,0.10732,0.22062,0.11407,0.11056,0.1041,0.09546
2816.0,0.07637,0.13632,0.1165,0.29635,0.10463,0.08685,0.08786,0.09513
2818.0,0.07568,0.13746,0.11629,0.29619,0.10479,0.08682,0.0875,0.09526
2828.0,0.07537,0.13757,0.11662,0.29705,0.10402,0.08696,0.08723,0.09519
2842.0,0.08376,0.11517,0.12361,0.25132,0.13058,0.10215,0.09182,0.10158
2843.0,0.08143,0.11628,0.12589,0.25072,0.1308,0.1021,0.0911,0.10168
2844.0,0.08571,0.11497,0.12404,0.21739,0.14866,0.10868,0.09624,0.10431
2906.0,0.07135,0.12184,0.11795,0.28421,0.07833,0.09948,0.13241,0.09444
2908.0,0.06637,0.05545,0.09003,0.39399,0.12217,0.05766,0.13318,0.08115
2911.0,0.09683,0.14898,0.10387,0.20899,0.11132,0.09438,0.13887,0.09676
2912.0,0.10769,0.13059,0.08698,0.19583,0.13055,0.11123,0.13939,0.09774
2915.0,0.09059,0.1473,0.09289,0.25923,0.08388,0.1007,0.13143,0.09399
2926.0,0.10487,0.09582,0.10766,0.15759,0.19603,0.10808,0.12239,0.10756
2927.0,0.09212,0.10796,0.11349,0.16388,0.19896,0.10204,0.11534,0.10621
2928.0,0.09457,0.09016,0.12278,0.17056,0.1815,0.11704,0.11773,0.10566
2931.0,0.08627,0.19958,0.07332,0.21929,0.07422,0.11787,0.13286,0.09659
2936.0,0.08026,0.12731,0.10591,0.30536,0.07503,0.10948,0.11236,0.0843
2937.0,0.07542,0.14388,0.09646,0.30674,0.07813,0.10299,0.10431,0.09206
2938.0,0.08395,0.13868,0.08892,0.30601,0.07933,0.1053,0.10715,0.09068
2943.0,0.08859,0.0911,0.12176,0.28421,0.09471,0.10047,0.12403,0.09514
2944.0,0.08031,0.1083,0.10882,0.2726,0.08833,0.10703,0.14514,0.08946
2945.0,0.09682,0.08943,0.12394,0.26182,0.10009,0.10446,0.13302,0.09043
2949.0,0.11245,0.11449,0.09172,0.23753,0.11325,0.1005,0.1341,0.09595
2959.0,0.11667,0.0983,0.0889,0.21144,0.13006,0.11925,0.139,0.09638
2960.0,0.10123,0.1141,0.10647,0.24607,0.09457,0.10778,0.13784,0.09195
2989.0,0.11998,0.0682,0.13093,0.22184,0.14819,0.09745,0.11845,0.09496
2999.0,0.09269,0.14606,0.08517,0.23136,0.11986,0.11594,0.11264,0.09629
3006.0,0.09995,0.16178,0.07457,0.21505,0.13677,0.10656,0.10657,0.09876
3024.0,0.1043,0.14035,0.09008,0.17115,0.12507,0.13332,0.12683,0.10891
3078.0,0.10997,0.1056,0.10699,0.12312,0.18622,0.13956,0.11852,0.11001
3081.0,0.08251,0.11087,0.12317,0.18694,0.19782,0.09135,0.09425,0.11309
3087.0,0.10025,0.11445,0.12479,0.11986,0.2065,0.12278,0.10591,0.10547
3088.0,0.10018,0.11334,0.12684,0.11936,0.20503,0.12203,0.10599,0.10721
3089.0,0.0997,0.11672,0.11747,0.11914,0.20194,0.13545,0.10971,0.09986
3313.0,0.0926,0.11163,0.10353,0.19169,0.16297,0.11411,0.12174,0.10174
3314.0,0.08507,0.13481,0.1132,0.19806,0.11823,0.12988,0.11875,0.102
3315.0,0.08345,0.12762,0.11228,0.19403,0.13311,0.1241,0.12047,0.10493
3317.0,0.09317,0.13353,0.10284,0.185,0.12755,0.12245,0.13196,0.10351
3318.0,0.09644,0.11284,0.106,0.185,0.14373,0.11799,0.13548,0.10253
3319.0,0.08934,0.11827,0.10968,0.19997,0.13749,0.12418,0.12327,0.09781
3324.0,0.09749,0.07932,0.12458,0.16331,0.20771,0.10142,0.11907,0.10708
3361.0,0.10009,0.1434,0.08566,0.22315,0.12602,0.11878,0.1039,0.09899
3362.0,0.10124,0.13113,0.09837,0.21878,0.12551,0.11886,0.10669,0.09942
3363.0,0.07743,0.16248,0.09875,0.2422,0.12936,0.10059,0.09385,0.09535
3369.0,0.10073,0.08933,0.17728,0.12336,0.18744,0.10922,0.10234,0.11029
3370.0,0.10617,0.0993,0.14963,0.13036,0.16853,0.124,0.10462,0.11738
3371.0,0.11184,0.09721,0.14839,0.12639,0.17257,0.12252,0.10407,0.117
3372.0,0.11981,0.09203,0.1447,0.12948,0.15326,0.13867,0.10778,0.11427
3394.0,0.11632,0.10347,0.09576,0.23516,0.11137,0.10492,0.14201,0.09099
3395.0,0.11291,0.11212,0.08811,0.20603,0.08647,0.15336,0.14104,0.09996
3396.0,0.1151,0.10083,0.09697,0.22585,0.10277,0.12635,0.13054,0.10159
3400.0,0.08756,0.10007,0.08465,0.32425,0.11335,0.08716,0.0979,0.10506
3404.0,0.07634,0.1012,0.08782,0.36025,0.09409,0.08439,0.09568,0.10022
3405.0,0.07078,0.14096,0.08428,0.3313,0.08266,0.08719,0.08956,0.11327
3412.0,0.09778,0.08502,0.11275,0.11482,0.26397,0.10878,0.10801,0.10887
3413.0,0.07549,0.10745,0.13336,0.21505,0.1505,0.10173,0.10773,0.1087
3414.0,0.07849,0.10415,0.10841,0.3236,0.09538,0.08853,0.0927,0.10873
3421.0,0.08848,0.11614,0.10708,0.17951,0.17986,0.10769,0.1105,0.11073
3429.0,0.0871,0.13203,0.10837,0.18141,0.16516,0.11063,0.10583,0.10948
3436.0,0.08083,0.12719,0.10778,0.19305,0.15719,0.11261,0.10912,0.11223
3437.0,0.08401,0.09322,0.11016,0.1107,0.27634,0.10984,0.09825,0.11748
3438.0,0.06998,0.09865,0.11012,0.11117,0.28028,0.11628,0.09815,0.11536
3439.0,0.08932,0.09078,0.11655,0.12055,0.25844,0.11264,0.1043,0.10743
3443.0,0.08217,0.11274,0.10369,0.23201,0.10984,0.11976,0.13019,0.10961
3450.0,0.07594,0.13578,0.15444,0.23327,0.10688,0.10375,0.08398,0.10597
3460.0,0.10401,0.09032,0.04545,0.32423,0.09603,0.14359,0.10882,0.08755
3461.0,0.09844,0.11044,0.122,0.14587,0.16922,0.1351,0.10767,0.11127
3476.0,0.06964,0.07913,0.0905,0.39142,0.0819,0.09579,0.10249,0.08911
3478.0,0.0969,0.1059,0.12742,0.14716,0.1746,0.12548,0.10855,0.11399
3479.0,0.09187,0.12674,0.12858,0.15146,0.16058,0.12086,0.11011,0.1098
3501.0,0.09134,0.11369,0.10469,0.22981,0.0941,0.13586,0.1258,0.10472
3528.0,0.09737,0.10095,0.12036,0.11976,0.22592,0.11872,0.1126,0.10433
3532.0,0.09322,0.11047,0.12471,0.19803,0.13448,0.12177,0.11741,0.0999
3542.0,0.09514,0.13344,0.08661,0.21756,0.14222,0.10832,0.11944,0.09727
3566.0,0.10136,0.09249,0.14629,0.16007,0.14978,0.12468,0.11701,0.10833
3573.0,0.09974,0.09613,0.10772,0.23791,0.12206,0.1045,0.13,0.10194
3574.0,0.09605,0.11016,0.10104,0.21303,0.12667,0.11368,0.13467,0.1047
3584.0,0.08306,0.1184,0.11899,0.20239,0.14272,0.11497,0.10667,0.1128
3585.0,0.09475,0.11563,0.11401,0.1877,0.14134,0.11131,0.10581,0.12945
3586.0,0.08513,0.11857,0.1152,0.19203,0.15039,0.10868,0.10198,0.12801
3587.0,0.09612,0.11563,0.10584,0.17665,0.16545,0.11328,0.10953,0.1175
3594.0,0.09276,0.09066,0.14155,0.13317,0.20755,0.12795,0.10428,0.10207
3596.0,0.11016,0.15649,0.10341,0.10845,0.18096,0.11848,0.11525,0.1068
3617.0,0.09645,0.09223,0.10846,0.21241,0.15094,0.10648,0.11158,0.12146
3618.0,0.10247,0.15325,0.16016,0.12703,0.11041,0.11923,0.11393,0.11353
3619.0,0.1077,0.11451,0.13464,0.17491,0.12756,0.12249,0.11471,0.10347
3620.0,0.11364,0.11801,0.10723,0.18254,0.12507,0.12233,0.13187,0.09931
3689.0,0.08964,0.11311,0.10471,0.23366,0.1188,0.11135,0.13617,0.09255
3702.0,0.09897,0.19527,0.11551,0.15448,0.09018,0.12927,0.12468,0.09164
3711.0,0.09689,0.11318,0.10562,0.21177,0.12328,0.11464,0.13308,0.10154
3712.0,0.09494,0.13974,0.12476,0.133,0.17119,0.12425,0.09892,0.1132
3714.0,0.10556,0.10893,0.08897,0.30454,0.07662,0.10446,0.11197,0.09894
3715.0,0.07565,0.13877,0.1168,0.17267,0.15162,0.12709,0.11296,0.10444
3716.0,0.09318,0.10551,0.11861,0.15471,0.1778,0.10044,0.1441,0.10565
3719.0,0.10957,0.15114,0.14778,0.14666,0.09917,0.13541,0.10705,0.10322
3721.0,0.08366,0.11758,0.11168,0.25043,0.11338,0.10031,0.12328,0.09967
3722.0,0.11065,0.11057,0.10841,0.16484,0.15645,0.12082,0.1221,0.10616
3746.0,0.11215,0.10816,0.09838,0.16984,0.15543,0.12386,0.12401,0.10818
3747.0,0.08649,0.13427,0.10742,0.25507,0.0754,0.11638,0.13182,0.09315
3750.0,0.10752,0.11251,0.09845,0.17518,0.13386,0.13517,0.12604,0.11128
3753.0,0.08931,0.1141,0.12211,0.23717,0.11405,0.10086,0.13565,0.08675
3790.0,0.10565,0.13439,0.11591,0.17805,0.11046,0.12259,0.1285,0.10444
3791.0,0.09333,0.15355,0.11946,0.17232,0.12157,0.11882,0.12009,0.10086
3792.0,0.10037,0.15373,0.12007,0.15657,0.1336,0.11313,0.12108,0.10145
3920.0,0.08633,0.10923,0.12441,0.22022,0.11028,0.12163,0.12963,0.09827
3932.0,0.09357,0.11031,0.11877,0.20961,0.10877,0.12258,0.13312,0.10326
3938.0,0.08583,0.14163,0.10682,0.20753,0.12309,0.10867,0.12968,0.09676
3944.0,0.0796,0.14307,0.10497,0.22454,0.10775,0.12159,0.1253,0.09318
3946.0,0.11021,0.10595,0.08162,0.20458,0.13363,0.13502,0.13081,0.09817
3957.0,0.11378,0.10968,0.07574,0.19433,0.09772,0.16612,0.13406,0.10857
4068.0,0.10469,0.11563,0.09638,0.16705,0.16655,0.11429,0.128,0.1074
4069.0,0.08829,0.14508,0.09592,0.16913,0.13109,0.1352,0.12144,0.11385
4071.0,0.08771,0.1119,0.12392,0.19777,0.12268,0.12601,0.12479,0.10523
4072.0,0.09641,0.11973,0.10268,0.16373,0.16919,0.11398,0.13281,0.10148
4266.0,0.10389,0.09344,0.11598,0.19996,0.13211,0.11678,0.12539,0.11246
4267.0,0.09463,0.09409,0.11204,0.21461,0.15032,0.10217,0.1269,0.10522
4268.0,0.09156,0.12378,0.0902,0.206,0.13077,0.12947,0.11748,0.11074
4269.0,0.10502,0.1089,0.10064,0.18981,0.13102,0.13088,0.1178,0.11594
4270.0,0.23776,0.02892,0.21422,0.14643,0.09441,0.11906,0.07035,0.08886
4281.0,0.09275,0.13909,0.11579,0.20137,0.11058,0.13451,0.10366,0.10224
4291.0,0.11484,0.09415,0.11184,0.19846,0.14286,0.11527,0.11614,0.10643
4301.0,0.11472,0.13205,0.10555,0.16989,0.15494,0.1106,0.10951,0.10274
4307.0,0.08043,0.11692,0.18563,0.12392,0.12188,0.15244,0.09645,0.12233
4308.0,0.11307,0.08911,0.1527,0.16732,0.14238,0.13167,0.09033,0.11341
4309.0,0.11252,0.08233,0.15888,0.15461,0.14059,0.14492,0.07758,0.12857
4310.0,0.08019,0.10968,0.18813,0.12528,0.11164,0.15784,0.10619,0.12103
4314.0,0.09234,0.13524,0.12279,0.20319,0.1156,0.12282,0.10751,0.1005
4334.0,0.10482,0.12456,0.09624,0.19944,0.11671,0.13126,0.13042,0.09655
4335.0,0.08637,0.11677,0.13971,0.21211,0.10664,0.11585,0.12616,0.09639
4336.0,0.09414,0.10403,0.13738,0.20686,0.12026,0.11681,0.12012,0.1004
4353.0,0.10788,0.10049,0.1204,0.13706,0.19079,0.12907,0.09687,0.11745
4354.0,0.10278,0.11249,0.11615,0.13214,0.21602,0.10726,0.09749,0.11567
4355.0,0.11205,0.10177,0.10856,0.12428,0.21257,0.1181,0.09715,0.12553
4356.0,0.11972,0.12579,0.11232,0.13468,0.19897,0.10538,0.06793,0.13521
4365.0,0.0938,0.08227,0.13164,0.20616,0.17287,0.10279,0.11748,0.09299
4374.0,0.09053,0.11411,0.09806,0.18327,0.14419,0.14516,0.11526,0.10942
4384.0,0.09178,0.11521,0.08509,0.20019,0.13512,0.14504,0.11079,0.11677
4394.0,0.07919,0.12974,0.1028,0.18108,0.1591,0.13263,0.10625,0.10922
4456.0,0.09125,0.14638,0.10562,0.18358,0.13094,0.13313,0.09583,0.11327
4461.0,0.0971,0.10142,0.1237,0.19375,0.14534,0.11374,0.11642,0.10852
4462.0,0.09936,0.11741,0.11339,0.18327,0.12155,0.13706,0.11425,0.1137
4488.0,0.08727,0.10762,0.11272,0.11034,0.24236,0.12467,0.11303,0.10198
4489.0,0.08752,0.09499,0.11365,0.10073,0.26879,0.12204,0.10701,0.10527
4490.0,0.0867,0.10314,0.10948,0.10393,0.25485,0.1262,0.10893,0.10677
4491.0,0.08462,0.09824,0.11226,0.09886,0.27661,0.11923,0.10565,0.10453
4492.0,0.08235,0.09765,0.05745,0.15019,0.29193,0.08856,0.13372,0.09816
4504.0,0.10908,0.0979,0.11285,0.22065,0.10557,0.12043,0.14269,0.09084
4512.0,0.09903,0.07301,0.12101,0.21556,0.14581,0.1034,0.14783,0.09435
4513.0,0.0905,0.09882,0.11113,0.23777,0.10008,0.114,0.15326,0.09444
4514.0,0.10028,0.11123,0.09689,0.22844,0.10027,0.11754,0.14498,0.10037
4515.0,0.08313,0.13922,0.1166,0.22568,0.09323,0.10747,0.13863,0.09603
4516.0,0.10128,0.13412,0.0989,0.22158,0.09672,0.11029,0.13947,0.09763
4517.0,0.10324,0.10311,0.1171,0.19871,0.12374,0.11578,0.14148,0.09684
4518.0,0.10796,0.07552,0.0961,0.24909,0.11772,0.12351,0.12003,0.11008
4571.0,0.10143,0.09548,0.10954,0.15274,0.21958,0.10874,0.10042,0.11207
4572.0,0.10699,0.10006,0.10097,0.12579,0.2433,0.10225,0.11442,0.10622
4573.0,0.11092,0.08776,0.10995,0.12446,0.23175,0.12261,0.09775,0.1148
4574.0,0.09145,0.11629,0.11272,0.14184,0.21497,0.11175,0.10684,0.10413
4575.0,0.08897,0.12084,0.1134,0.15509,0.20641,0.10383,0.10121,0.11025
4576.0,0.11321,0.09684,0.11254,0.14221,0.20856,0.11187,0.10492,0.10985
4584.0,0.1148,0.11929,0.12705,0.24211,0.10065,0.10366,0.10541,0.08702
4585.0,0.10668,0.11554,0.13982,0.25284,0.10089,0.09205,0.10909,0.08309
4586.0,0.12506,0.10386,0.13779,0.21233,0.13582,0.07892,0.1093,0.09692
4587.0,0.08892,0.11242,0.15981,0.24488,0.08773,0.10263,0.11488,0.08873
4588.0,0.09502,0.11348,0.139,0.23867,0.09248,0.11259,0.11454,0.09422
4589.0,0.1288,0.1003,0.13397,0.20746,0.14765,0.08069,0.10885,0.09228
4636.0,0.08996,0.10633,0.12272,0.22666,0.11367,0.10872,0.12925,0.10269
4637.0,0.09896,0.08864,0.11588,0.23857,0.13559,0.09218,0.1221,0.10808
4638.0,0.09416,0.12518,0.08274,0.18747,0.16844,0.10499,0.11777,0.11925
4639.0,0.08891,0.10469,0.11059,0.21993,0.16908,0.08555,0.11199,0.10926
4640.0,0.09464,0.11196,0.10753,0.19106,0.16784,0.09753,0.11296,0.11647
4641.0,0.09825,0.11007,0.10519,0.19015,0.1554,0.09986,0.13281,0.10828
4642.0,0.08996,0.10282,0.09654,0.19199,0.19258,0.08906,0.10733,0.12972
4643.0,0.08176,0.14092,0.09893,0.23567,0.09164,0.11889,0.12946,0.10273
4647.0,0.09153,0.10746,0.11269,0.22599,0.11182,0.11288,0.13616,0.10148
4695.0,0.09764,0.1279,0.10587,0.23956,0.10161,0.10613,0.12162,0.09967
4715.0,0.0876,0.13931,0.11885,0.23739,0.08864,0.10529,0.12728,0.09563
4717.0,0.10303,0.14242,0.10319,0.17497,0.12146,0.13149,0.11776,0.10568
4718.0,0.09529,0.14899,0.11045,0.18449,0.12148,0.12196,0.11423,0.10311
4719.0,0.09286,0.12705,0.12174,0.19065,0.12333,0.12915,0.10944,0.10579
4720.0,0.10172,0.12451,0.11282,0.17928,0.12897,0.13395,0.11686,0.10189
4721.0,0.09766,0.14455,0.10419,0.17618,0.11914,0.13481,0.11412,0.10936
4722.0,0.0981,0.12545,0.12053,0.17989,0.1184,0.13285,0.12028,0.10451
4723.0,0.09789,0.13431,0.11788,0.17631,0.12039,0.12922,0.11899,0.105
4724.0,0.09819,0.12631,0.11534,0.17595,0.13807,0.12441,0.11601,0.10572
4725.0,0.10006,0.12623,0.10711,0.18924,0.11072,0.13907,0.1185,0.10907
4726.0,0.09519,0.13333,0.11379,0.18884,0.11015,0.1398,0.11592,0.10298
4727.0,0.09727,0.13475,0.11051,0.18054,0.11241,0.14029,0.11693,0.10729
4728.0,0.10215,0.14215,0.10079,0.18796,0.10371,0.14194,0.11577,0.10554
4729.0,0.11358,0.1072,0.11149,0.1733,0.13356,0.13941,0.11444,0.10702
4730.0,0.09508,0.13398,0.11175,0.18111,0.11768,0.13901,0.11626,0.10513
4752.0,0.08258,0.11962,0.10749,0.23534,0.12911,0.1097,0.10208,0.11407
4756.0,0.0861,0.12785,0.09785,0.23529,0.11598,0.12449,0.10708,0.10537
4808.0,0.09315,0.13836,0.13232,0.15731,0.13816,0.11401,0.12696,0.09973
4984.0,0.09334,0.10375,0.12338,0.17791,0.16184,0.1132,0.12205,0.10454
4992.0,0.0916,0.10248,0.12424,0.18299,0.15121,0.12028,0.12283,0.10437
5000.0,0.0931,0.10761,0.114,0.16529,0.1889,0.10975,0.11166,0.1097
5001.0,0.08622,0.12097,0.11566,0.1741,0.15437,0.12086,0.12268,0.10514
5030.0,0.08289,0.14475,0.0999,0.23072,0.11168,0.1125,0.12325,0.0943
5037.0,0.08001,0.11506,0.10775,0.34426,0.05316,0.10872,0.08409,0.10696
5038.0,0.08625,0.09606,0.07954,0.24209,0.17009,0.12376,0.09013,0.11207
5040.0,0.07763,0.1398,0.11992,0.22735,0.09095,0.11795,0.12436,0.10203
5046.0,0.099,0.1155,0.11156,0.20024,0.13526,0.10194,0.14585,0.09065
5048.0,0.0912,0.09665,0.10828,0.21058,0.15339,0.1061,0.13003,0.10377
5049.0,0.08131,0.09521,0.09886,0.31998,0.11155,0.09056,0.10977,0.09277
5051.0,0.11593,0.14743,0.09767,0.13712,0.14497,0.12128,0.14926,0.08634
5052.0,0.10578,0.10383,0.10672,0.11501,0.21653,0.1331,0.1113,0.10774
5053.0,0.10253,0.12745,0.08608,0.22146,0.10736,0.13051,0.12501,0.0996
5054.0,0.08888,0.09348,0.10768,0.12215,0.25382,0.11731,0.10489,0.11179
5055.0,0.0966,0.10035,0.08863,0.16218,0.23129,0.1137,0.09568,0.11157
5062.0,0.10654,0.14906,0.09777,0.14809,0.14468,0.10584,0.16486,0.08316
5070.0,0.10779,0.10988,0.10705,0.18456,0.12882,0.1169,0.15262,0.09238
5071.0,0.10726,0.13741,0.09184,0.17172,0.11604,0.12676,0.15888,0.09009
5072.0,0.11985,0.1079,0.1027,0.1864,0.12542,0.11158,0.15195,0.0942
5077.0,0.09965,0.11438,0.10116,0.20797,0.12416,0.10825,0.13835,0.10609
5078.0,0.10216,0.12413,0.09639,0.20288,0.11496,0.12259,0.13347,0.10342
5079.0,0.09249,0.1283,0.08832,0.21106,0.12009,0.11321,0.13827,0.10826
5096.0,0.16915,0.09568,0.06066,0.02964,0.23312,0.23926,0.1292,0.04329
5205.0,0.08484,0.15735,0.08345,0.32791,0.07468,0.09397,0.09009,0.0877
5206.0,0.1178,0.13892,0.08534,0.26964,0.09879,0.09955,0.09725,0.09272
5207.0,0.08498,0.13648,0.10814,0.3193,0.06937,0.10299,0.09168,0.08707
5208.0,0.08406,0.12129,0.13766,0.29311,0.09043,0.08595,0.08788,0.09962
5236.0,0.10538,0.08651,0.13131,0.10045,0.23075,0.13284,0.10935,0.10341
5269.0,0.07838,0.12866,0.10989,0.15841,0.21054,0.11286,0.10916,0.0921
5297.0,0.08482,0.1197,0.11573,0.21807,0.12238,0.11457,0.12088,0.10386
5305.0,0.07924,0.13772,0.10959,0.16844,0.14394,0.13569,0.11408,0.1113
5306.0,0.09304,0.1173,0.11655,0.15384,0.16533,0.1278,0.11631,0.10982
5364.0,0.12238,0.13541,0.09637,0.21423,0.12274,0.10033,0.12118,0.08737
5369.0,0.06187,0.1531,0.09786,0.35291,0.05578,0.09165,0.10893,0.07791
5376.0,0.11197,0.1281,0.11014,0.14694,0.13107,0.13926,0.12427,0.10827
5377.0,0.10764,0.13773,0.11343,0.14475,0.13446,0.1313,0.12215,0.10854
5378.0,0.10257,0.1341,0.12062,0.14325,0.14025,0.1246,0.12449,0.11012
5379.0,0.09525,0.14913,0.1142,0.15772,0.10809,0.15358,0.1172,0.10483
5380.0,0.09298,0.12331,0.13052,0.15607,0.15056,0.1208,0.11938,0.10638
5381.0,0.09582,0.14327,0.11411,0.15478,0.13372,0.12864,0.12191,0.10776
5386.0,0.09457,0.11084,0.12955,0.16657,0.15684,0.12469,0.11593,0.10101
5387.0,0.08687,0.11951,0.14021,0.1737,0.13707,0.13032,0.11002,0.10231
5388.0,0.09823,0.11805,0.11202,0.18008,0.11599,0.16476,0.10858,0.10228
5389.0,0.10024,0.11597,0.10611,0.2095,0.13441,0.12781,0.1137,0.09226
5390.0,0.07305,0.15526,0.09525,0.20852,0.12332,0.12386,0.12193,0.09881
5391.0,0.08771,0.14952,0.08978,0.2087,0.12688,0.12258,0.11849,0.09634
5395.0,0.09371,0.11405,0.11344,0.12434,0.23023,0.10351,0.1217,0.09902
5396.0,0.10342,0.13514,0.09323,0.12327,0.17508,0.1424,0.11746,0.10999
5397.0,0.08179,0.11418,0.14155,0.18009,0.14641,0.11153,0.11602,0.10844
5399.0,0.09283,0.10204,0.11879,0.19825,0.14219,0.12756,0.11774,0.10059
5400.0,0.09108,0.12644,0.09559,0.18439,0.14432,0.13345,0.11644,0.10829
5444.0,0.10295,0.12891,0.12215,0.16176,0.13293,0.13124,0.11979,0.10027
5463.0,0.07732,0.11204,0.12395,0.23714,0.13919,0.09862,0.10481,0.10693
5468.0,0.12269,0.12248,0.13045,0.12576,0.15919,0.11871,0.11452,0.1062
5469.0,0.11689,0.15796,0.09804,0.11818,0.1869,0.10222,0.11507,0.10474
5470.0,0.12321,0.16463,0.09613,0.12299,0.15899,0.10995,0.11503,0.10908
5586.0,0.09688,0.1348,0.09215,0.16122,0.14311,0.13851,0.1225,0.11082
5587.0,0.09117,0.12456,0.10525,0.17426,0.15733,0.1188,0.12518,0.10345
5588.0,0.09582,0.11714,0.10904,0.16819,0.14177,0.1406,0.12268,0.10476
5594.0,0.07511,0.14428,0.10382,0.24479,0.10098,0.11477,0.11599,0.10027
5596.0,0.08095,0.12666,0.1103,0.23547,0.11201,0.10991,0.12243,0.10227
5597.0,0.07488,0.15027,0.09452,0.25014,0.09402,0.10548,0.13035,0.10034
5598.0,0.11207,0.10425,0.11629,0.16461,0.13457,0.13134,0.12716,0.10971
5622.0,0.11803,0.12201,0.10043,0.17207,0.12234,0.12791,0.13931,0.09789
5623.0,0.11906,0.11772,0.09073,0.18073,0.12387,0.11356,0.15569,0.09865
5624.0,0.09482,0.10217,0.12883,0.20204,0.11405,0.11531,0.14235,0.10042
5625.0,0.10424,0.1129,0.1132,0.17624,0.13785,0.11783,0.13943,0.09831
5626.0,0.10445,0.10406,0.11096,0.10503,0.20095,0.15774,0.10529,0.11152
5627.0,0.07959,0.11857,0.10308,0.33062,0.06937,0.10529,0.09444,0.09904
5635.0,0.0973,0.11155,0.12477,0.16908,0.12229,0.13652,0.14384,0.09465
5640.0,0.08668,0.1233,0.12367,0.23346,0.09624,0.12007,0.11096,0.10561
5645.0,0.02713,0.24668,0.03964,0.21109,0.01522,0.27865,0.12565,0.05593
5655.0,0.11202,0.11513,0.10364,0.16477,0.14733,0.11657,0.1342,0.10634
5664.0,0.10451,0.12274,0.11548,0.19462,0.09334,0.14233,0.12031,0.10667
5674.0,0.10754,0.10257,0.11031,0.15534,0.18804,0.11528,0.11205,0.10887
5679.0,0.08611,0.11535,0.13093,0.16466,0.15513,0.13,0.11309,0.10473
5680.0,0.09989,0.08433,0.135,0.14063,0.1999,0.1192,0.11237,0.10867
5681.0,0.10953,0.08744,0.12666,0.15074,0.1831,0.12137,0.11423,0.10692
5682.0,0.09498,0.11145,0.13347,0.15843,0.15493,0.12835,0.11477,0.10362
5683.0,0.11439,0.09498,0.12687,0.1488,0.16814,0.11733,0.11936,0.11013
5696.0,0.09772,0.10878,0.10015,0.2394,0.09161,0.11712,0.15232,0.0929
5697.0,0.11355,0.12523,0.07936,0.25413,0.08396,0.09821,0.15784,0.08772
5698.0,0.11305,0.14049,0.07759,0.25472,0.07783,0.10108,0.14563,0.08961
5699.0,0.09577,0.12796,0.08421,0.23597,0.11382,0.09683,0.15743,0.08801
5713.0,0.11155,0.11522,0.1203,0.15689,0.14442,0.1227,0.1205,0.10842
5715.0,0.11077,0.11302,0.11053,0.15213,0.16048,0.12216,0.12421,0.1067
5721.0,0.09521,0.13851,0.09495,0.20901,0.14452,0.09168,0.12389,0.10224
5722.0,0.06534,0.14749,0.10214,0.26974,0.08774,0.10888,0.1218,0.09686
5723.0,0.06904,0.12001,0.12405,0.26956,0.08221,0.11657,0.12256,0.09601
5727.0,0.10683,0.11246,0.12031,0.16018,0.14977,0.1201,0.121,0.10936
5760.0,0.09278,0.12172,0.10377,0.15533,0.11968,0.14959,0.12385,0.13329
5761.0,0.0657,0.15562,0.13819,0.16827,0.16882,0.08417,0.10705,0.11219
5762.0,0.06227,0.14687,0.13359,0.1998,0.15147,0.08332,0.12104,0.10163
5763.0,0.07695,0.11647,0.09745,0.18352,0.19622,0.07222,0.11684,0.14034
5773.0,0.09488,0.10676,0.13218,0.18649,0.13853,0.12091,0.12226,0.09798
5787.0,0.10896,0.10078,0.12069,0.14925,0.16925,0.1135,0.13301,0.10457
5810.0,0.12488,0.09349,0.11631,0.13838,0.16041,0.12942,0.13111,0.106
5826.0,0.08033,0.1228,0.10763,0.23536,0.11428,0.11144,0.12821,0.09997
5831.0,0.09522,0.10461,0.11154,0.18729,0.14331,0.12647,0.12895,0.1026
5882.0,0.08706,0.11148,0.10605,0.19231,0.14501,0.1198,0.1325,0.10578
5918.0,0.10671,0.14075,0.10897,0.15336,0.12801,0.11927,0.13166,0.11126
5920.0,0.10211,0.15648,0.10327,0.21786,0.07794,0.13551,0.10251,0.10432
5922.0,0.10318,0.17056,0.14817,0.08499,0.13701,0.11354,0.17952,0.06304
5939.0,0.09781,0.12893,0.12055,0.18296,0.13356,0.10835,0.12018,0.10766
5969.0,0.09696,0.11697,0.11482,0.13109,0.16482,0.151,0.11436,0.10998
5972.0,0.10133,0.13713,0.09893,0.13781,0.17886,0.13232,0.11103,0.10257
5974.0,0.0965,0.1199,0.1238,0.13382,0.16576,0.13998,0.11405,0.10619
5975.0,0.0883,0.10432,0.14648,0.1441,0.17858,0.12706,0.1058,0.10536
5994.0,0.12324,0.08112,0.10072,0.34316,0.10365,0.08033,0.10877,0.05901
6034.0,0.33628,0.03875,0.15121,0.06563,0.05464,0.23495,0.07886,0.03968
6041.0,0.10561,0.09525,0.08828,0.27829,0.10774,0.11124,0.1126,0.10099
6049.0,0.15016,0.14901,0.05313,0.24257,0.05726,0.11837,0.14783,0.08168
6081.0,0.09466,0.08061,0.13194,0.23649,0.12965,0.10665,0.11917,0.10084
6082.0,0.08743,0.12815,0.10224,0.24423,0.1055,0.11703,0.11434,0.10108
6083.0,0.08591,0.10271,0.13174,0.23613,0.11331,0.10447,0.1245,0.10125
6084.0,0.07917,0.14289,0.10616,0.23787,0.10688,0.10465,0.11769,0.10468
6085.0,0.08183,0.11285,0.11786,0.26081,0.09027,0.11877,0.11876,0.09884
6179.0,0.09441,0.13651,0.12106,0.12091,0.18427,0.12595,0.11008,0.10681
6183.0,0.10077,0.14487,0.11047,0.12259,0.15829,0.14322,0.10725,0.11254
6188.0,0.10064,0.11483,0.12081,0.11197,0.19715,0.13334,0.11453,0.10673
6300.0,0.08657,0.10656,0.13223,0.21042,0.11538,0.12871,0.12207,0.09807
6301.0,0.09405,0.09266,0.15703,0.18892,0.12252,0.12578,0.1218,0.09725
6303.0,0.10241,0.10589,0.10527,0.19206,0.14818,0.12505,0.12786,0.09328
6304.0,0.08312,0.13414,0.11619,0.19818,0.11559,0.12303,0.1244,0.10535
6346.0,0.09295,0.12041,0.09956,0.15718,0.17099,0.1039,0.15628,0.09873
6347.0,0.08288,0.12095,0.11592,0.1766,0.12671,0.12772,0.14791,0.10132
6348.0,0.08319,0.11748,0.12074,0.17881,0.12039,0.13108,0.15058,0.09774
6349.0,0.08463,0.10702,0.12047,0.18395,0.12541,0.12021,0.15389,0.10442
6350.0,0.0813,0.11819,0.11793,0.18288,0.12053,0.12909,0.15528,0.0948
6351.0,0.06833,0.15104,0.10698,0.26488,0.05977,0.12421,0.13497,0.0898
6352.0,0.07116,0.14738,0.0904,0.26958,0.07845,0.10734,0.13719,0.09849
6353.0,0.09548,0.08887,0.12661,0.11946,0.22864,0.10635,0.13414,0.10046
6354.0,0.09453,0.13441,0.08121,0.23345,0.09623,0.11211,0.14876,0.0993
6355.0,0.09945,0.10379,0.10755,0.12534,0.21275,0.11645,0.12938,0.10529
6356.0,0.08609,0.11664,0.10841,0.12025,0.213,0.11816,0.13552,0.10193
6357.0,0.08588,0.12117,0.12349,0.12213,0.19405,0.11869,0.12975,0.10486
6358.0,0.08023,0.13387,0.11787,0.12292,0.19937,0.11265,0.128,0.10509
6359.0,0.09389,0.13134,0.10406,0.12278,0.1876,0.12017,0.13577,0.10439
6360.0,0.07343,0.15248,0.10483,0.26195,0.07244,0.1101,0.12794,0.09682
6361.0,0.08769,0.12645,0.11938,0.23233,0.09678,0.10756,0.13728,0.09254
6362.0,0.07318,0.14054,0.09608,0.25847,0.07474,0.11396,0.13916,0.10388
6385.0,0.14226,0.08438,0.10952,0.12736,0.19091,0.08944,0.1283,0.12782
6386.0,0.09176,0.1328,0.12244,0.16174,0.13023,0.1094,0.1627,0.08892
6387.0,0.09306,0.12946,0.12673,0.15736,0.13129,0.10881,0.16235,0.09093
6388.0,0.11869,0.1018,0.11723,0.09951,0.16041,0.12715,0.14189,0.13331
6405.0,0.08931,0.09054,0.11235,0.31412,0.07305,0.11731,0.09854,0.10479
6406.0,0.05561,0.20296,0.06923,0.3318,0.05078,0.10014,0.09634,0.09313
6407.0,0.05212,0.19956,0.09512,0.30081,0.05701,0.0987,0.09819,0.0985
6408.0,0.11136,0.0859,0.08037,0.34182,0.06209,0.10826,0.12379,0.0864
6409.0,0.09863,0.13807,0.10017,0.20382,0.1155,0.11247,0.13227,0.09907
6410.0,0.12592,0.10498,0.09793,0.15904,0.13426,0.13091,0.14579,0.10117
6411.0,0.10391,0.09759,0.12625,0.17405,0.12448,0.14087,0.13611,0.09673
6412.0,0.09777,0.12699,0.11974,0.17806,0.11489,0.13097,0.13037,0.10122
6413.0,0.0895,0.12844,0.10665,0.19717,0.12485,0.12273,0.13024,0.10042
6467.0,0.11035,0.18525,0.10547,0.13341,0.14713,0.10841,0.10423,0.10574
6469.0,0.10998,0.21262,0.08509,0.13089,0.14738,0.10983,0.10452,0.09968
6470.0,0.10439,0.21225,0.09783,0.12978,0.13066,0.11558,0.10489,0.10461
6471.0,0.12991,0.14704,0.10777,0.13293,0.15322,0.11682,0.1091,0.10321
6617.0,0.08477,0.14061,0.09474,0.24049,0.1015,0.11943,0.1239,0.09456
6647.0,0.06746,0.17169,0.1051,0.24706,0.08917,0.11326,0.10365,0.10261
6648.0,0.07635,0.17901,0.0932,0.24474,0.09343,0.11,0.10786,0.09541
6649.0,0.0647,0.15628,0.1126,0.25957,0.07181,0.12651,0.11019,0.09834
6650.0,0.06205,0.14629,0.12697,0.26114,0.0795,0.1222,0.10887,0.09298
6651.0,0.06963,0.15705,0.10555,0.27725,0.07747,0.11565,0.11004,0.08735
6652.0,0.0836,0.13164,0.12867,0.2038,0.09711,0.1395,0.11167,0.10402
6653.0,0.08648,0.17445,0.09597,0.17513,0.09909,0.14782,0.11484,0.10623
6655.0,0.09445,0.14367,0.11364,0.18598,0.10363,0.13723,0.1113,0.11011
6656.0,0.09443,0.13717,0.11214,0.1924,0.1071,0.1364,0.11524,0.10511
6657.0,0.0894,0.11739,0.1385,0.20273,0.104,0.13919,0.10994,0.09886
6670.0,0.09443,0.12552,0.09804,0.23021,0.10547,0.12764,0.11489,0.10381
6676.0,0.1021,0.12569,0.08357,0.22384,0.12879,0.10958,0.1258,0.10063
6677.0,0.08762,0.15938,0.07488,0.24907,0.08635,0.13814,0.11141,0.09314
6678.0,0.08838,0.16325,0.08843,0.22674,0.09601,0.12507,0.11504,0.09708
6685.0,0.11122,0.086,0.10333,0.12699,0.22309,0.11838,0.12774,0.10324
6710.0,0.10173,0.12564,0.12514,0.14621,0.14802,0.12634,0.11693,0.10998
6712.0,0.08832,0.08273,0.1163,0.12907,0.26813,0.09771,0.10549,0.11225
6716.0,0.09768,0.08705,0.15626,0.15674,0.14191,0.10029,0.16391,0.09616
6717.0,0.09023,0.14417,0.10954,0.13694,0.16274,0.10331,0.1468,0.10628
6718.0,0.08432,0.14323,0.11773,0.17287,0.12363,0.11512,0.1537,0.0894
6722.0,0.09726,0.13158,0.10229,0.17301,0.13043,0.12432,0.15136,0.08976
6726.0,0.10476,0.10016,0.13089,0.15603,0.15317,0.12459,0.13873,0.09166
6728.0,0.09899,0.10134,0.10606,0.17318,0.17781,0.10247,0.14037,0.09979
6731.0,0.09669,0.10347,0.11265,0.18802,0.14858,0.09798,0.16122,0.09138
6734.0,0.10554,0.1364,0.10116,0.1865,0.11535,0.12175,0.14074,0.09257
6738.0,0.09575,0.10708,0.11039,0.19103,0.14397,0.12266,0.11986,0.10927
6754.0,0.04631,0.08183,0.25794,0.18329,0.16017,0.04493,0.07792,0.14761
6756.0,0.0,0.00609,0.00029,0.99354,0.0,9e-05,0.0,0.0
6778.0,0.0867,0.09271,0.12364,0.38545,0.04666,0.10917,0.07361,0.08206
6785.0,0.06547,0.17248,0.13078,0.20853,0.09431,0.11402,0.10471,0.1097
6787.0,0.09031,0.18367,0.0998,0.17464,0.1065,0.1248,0.10915,0.11113
6788.0,0.12166,0.12274,0.13942,0.13284,0.10652,0.1532,0.11431,0.10932
6854.0,0.10693,0.10537,0.11326,0.20085,0.1157,0.12299,0.13126,0.10365
6856.0,0.11682,0.1165,0.09041,0.10263,0.22585,0.1087,0.14004,0.09904
6867.0,0.11563,0.10639,0.13915,0.10741,0.17273,0.11085,0.10961,0.13824
6879.0,0.08869,0.10976,0.11698,0.16879,0.16007,0.12458,0.12695,0.10418
6880.0,0.08571,0.10878,0.1145,0.17963,0.16936,0.11,0.09686,0.13517
6899.0,0.08191,0.12876,0.10047,0.2214,0.13052,0.11606,0.10675,0.11414
6900.0,0.08551,0.1421,0.07682,0.21943,0.12723,0.12969,0.11752,0.10169
6929.0,0.10832,0.14085,0.09368,0.1945,0.10669,0.10946,0.1628,0.08371
6948.0,0.08391,0.02799,0.06091,0.68196,0.03008,0.06816,0.02671,0.02027
6950.0,0.08391,0.02799,0.06091,0.68196,0.03008,0.06816,0.02671,0.02027
6951.0,0.11601,0.1348,0.12109,0.12584,0.10657,0.12281,0.18895,0.08393
6958.0,0.10739,0.12615,0.0902,0.16974,0.12713,0.12091,0.16234,0.09615
6963.0,0.11744,0.10426,0.11257,0.1886,0.10393,0.12123,0.1658,0.08617
6968.0,0.09785,0.16867,0.09348,0.17677,0.10413,0.11495,0.15919,0.08497
6989.0,0.02362,0.09294,0.02387,0.48431,0.03737,0.09316,0.0965,0.14822
6996.0,0.05585,0.29292,0.04881,0.28199,0.043,0.10034,0.08894,0.08814
7010.0,0.08729,0.12378,0.10917,0.19495,0.15634,0.11914,0.1022,0.10714
7011.0,0.08948,0.13706,0.10518,0.18169,0.15607,0.12477,0.09991,0.10584
7012.0,0.09099,0.11162,0.11074,0.21637,0.12445,0.13349,0.10376,0.10858
7013.0,0.07889,0.11741,0.12872,0.19067,0.15962,0.11228,0.10086,0.11155
7026.0,0.09146,0.12939,0.12552,0.1651,0.14203,0.12471,0.11939,0.10239
7034.0,0.08724,0.14348,0.09394,0.18666,0.13691,0.12247,0.12173,0.10757
7041.0,0.07929,0.14926,0.12463,0.17032,0.13411,0.12124,0.11312,0.10803
7042.0,0.08215,0.11514,0.11738,0.20052,0.14957,0.11004,0.12394,0.10126
7046.0,0.09376,0.15337,0.09449,0.17044,0.12937,0.13121,0.11653,0.11083
7048.0,0.08391,0.10012,0.13488,0.18538,0.16667,0.10482,0.1235,0.10073
7049.0,0.08573,0.10949,0.12913,0.19176,0.13319,0.11435,0.12966,0.10668
7050.0,0.09322,0.13445,0.09774,0.1978,0.13566,0.10673,0.13754,0.09685
7051.0,0.08941,0.10516,0.11297,0.22205,0.11074,0.12047,0.13603,0.10317
7052.0,0.09829,0.11546,0.10323,0.23124,0.11809,0.10992,0.12574,0.09802
7053.0,0.0818,0.17874,0.08104,0.21518,0.12558,0.09872,0.12456,0.09437
7145.0,0.08013,0.11791,0.14239,0.17621,0.13156,0.13025,0.11847,0.10308
7148.0,0.0926,0.11974,0.1052,0.18308,0.13521,0.12518,0.1281,0.1109
7157.0,0.0897,0.12057,0.12635,0.17448,0.15347,0.1101,0.12081,0.10451
7242.0,0.09541,0.14541,0.13615,0.20635,0.06538,0.13711,0.08284,0.13136
7280.0,0.07386,0.15138,0.10107,0.25029,0.08283,0.12901,0.1161,0.09544
7281.0,0.07786,0.12922,0.11627,0.24299,0.08709,0.12479,0.11452,0.10726
7290.0,0.11841,0.1255,0.11396,0.14945,0.13652,0.14711,0.10136,0.10768
7296.0,0.08859,0.10404,0.11478,0.21927,0.11546,0.13369,0.11968,0.10448
7317.0,0.10014,0.12308,0.11343,0.11508,0.18622,0.13053,0.12065,0.11088
7389.0,0.08528,0.12183,0.12699,0.18703,0.1525,0.11091,0.10744,0.10802
7390.0,0.09462,0.1538,0.09317,0.17534,0.12713,0.13302,0.10779,0.11515
7391.0,0.0764,0.17969,0.09976,0.19463,0.09649,0.14559,0.10174,0.10572
7392.0,0.10672,0.09572,0.10966,0.20099,0.14218,0.12133,0.11396,0.10944
7393.0,0.11394,0.09505,0.11107,0.10303,0.21902,0.13983,0.11308,0.10499
7394.0,0.1085,0.09998,0.1159,0.10725,0.209,0.14089,0.11062,0.10786
7395.0,0.10381,0.10491,0.12759,0.11388,0.1825,0.14914,0.10705,0.11112
7396.0,0.11043,0.1119,0.11849,0.11016,0.16908,0.15834,0.10732,0.11427
7475.0,0.08636,0.07969,0.09474,0.2473,0.2175,0.08429,0.07242,0.1177
7478.0,0.04365,0.08093,0.0329,0.65945,0.02901,0.02988,0.06754,0.05664
7479.0,0.10775,0.08074,0.13458,0.19247,0.15431,0.11545,0.10226,0.11244
7483.0,0.09908,0.12851,0.12282,0.15194,0.17982,0.11196,0.10841,0.09746
7499.0,0.09969,0.09756,0.10385,0.18449,0.10631,0.15208,0.15469,0.10134
7500.0,0.1196,0.09349,0.09785,0.17573,0.15361,0.11827,0.14809,0.09336
7501.0,0.10559,0.09064,0.11707,0.18598,0.12254,0.13093,0.1509,0.09635
7502.0,0.10416,0.10315,0.1222,0.17857,0.13885,0.11192,0.1395,0.10166
7503.0,0.08569,0.10586,0.13931,0.19934,0.11669,0.13536,0.11775,0.1
7504.0,0.09071,0.14136,0.11132,0.18188,0.11273,0.13471,0.12747,0.09983
7505.0,0.10659,0.12193,0.10179,0.17345,0.12506,0.14321,0.12172,0.10625
7507.0,0.09194,0.11717,0.10848,0.19925,0.13322,0.12585,0.11946,0.10463
7561.0,0.09429,0.13358,0.11462,0.17671,0.12018,0.13633,0.12631,0.09797
7562.0,0.10344,0.12033,0.10686,0.16454,0.15967,0.11936,0.12544,0.10036
7563.0,0.1033,0.11898,0.10883,0.17204,0.14832,0.12209,0.12688,0.09957
7564.0,0.0966,0.11192,0.13312,0.17209,0.13248,0.12843,0.12748,0.09789
7565.0,0.11622,0.07481,0.1465,0.18273,0.09668,0.13787,0.14271,0.10248
7568.0,0.11548,0.09008,0.13081,0.18529,0.12686,0.12173,0.14127,0.08848
7574.0,0.11456,0.08942,0.13292,0.18355,0.13203,0.11941,0.13911,0.089
7584.0,0.09442,0.12722,0.11632,0.2015,0.09103,0.1344,0.14234,0.09277
7703.0,0.10659,0.11006,0.11317,0.18905,0.13036,0.12659,0.12162,0.10255
7712.0,0.0962,0.13541,0.09041,0.18222,0.13909,0.1206,0.12728,0.10879
7722.0,0.10551,0.1126,0.1098,0.17873,0.14011,0.12378,0.11941,0.11006
7732.0,0.11182,0.09885,0.10272,0.19275,0.14714,0.12569,0.11144,0.10959
7733.0,0.08999,0.14043,0.09649,0.20443,0.1126,0.12301,0.12315,0.10989
7734.0,0.08878,0.133,0.10956,0.19325,0.11482,0.13346,0.12374,0.1034
7804.0,0.10489,0.12412,0.09582,0.21658,0.11613,0.11316,0.13206,0.09725
7809.0,0.10155,0.11978,0.08966,0.2107,0.11875,0.11508,0.1414,0.10307
7908.0,0.0825,0.12354,0.12403,0.18031,0.13295,0.13342,0.11367,0.10958
7909.0,0.091,0.1156,0.121,0.17145,0.15656,0.11775,0.1199,0.10673
7910.0,0.08031,0.11167,0.13638,0.18983,0.13719,0.12158,0.11752,0.10552
7911.0,0.07183,0.08842,0.12245,0.32372,0.07441,0.11425,0.10088,0.10406
7912.0,0.09613,0.12213,0.11559,0.17473,0.14704,0.12525,0.11358,0.10555
7913.0,0.09005,0.09919,0.12466,0.18247,0.1615,0.11579,0.12352,0.10283
7932.0,0.09222,0.10374,0.12055,0.23459,0.11563,0.11316,0.12251,0.09759
7958.0,0.07459,0.10961,0.12667,0.24454,0.12077,0.10671,0.12123,0.09589
7975.0,0.07851,0.14065,0.11997,0.23097,0.09974,0.11634,0.11313,0.10069
8013.0,0.09982,0.10327,0.12054,0.15727,0.17273,0.12777,0.10541,0.1132
8030.0,0.06897,0.11146,0.13926,0.29608,0.07837,0.09825,0.10866,0.09896
8053.0,0.08802,0.11991,0.11769,0.17669,0.13879,0.13381,0.117,0.10808
8060.0,0.0782,0.1179,0.13933,0.17243,0.17339,0.10532,0.10094,0.11249
8073.0,0.00415,0.04118,0.05416,0.06727,0.80643,0.00497,0.0127,0.00913
8106.0,0.08249,0.1052,0.13893,0.18883,0.16367,0.11132,0.11303,0.09653
8107.0,0.10144,0.09744,0.11029,0.19176,0.14595,0.12714,0.12292,0.10307
8121.0,0.07969,0.23588,0.0758,0.13424,0.14375,0.10949,0.12303,0.09812
8122.0,0.10589,0.20805,0.08124,0.11894,0.1682,0.09823,0.11885,0.1006
8123.0,0.09163,0.19679,0.08696,0.11976,0.184,0.09643,0.12363,0.10082
8124.0,0.0849,0.20325,0.08711,0.13016,0.16286,0.11107,0.11137,0.10928
8161.0,0.11155,0.14439,0.10025,0.22188,0.09311,0.11397,0.12394,0.09091
8163.0,0.07606,0.09251,0.16548,0.20534,0.17739,0.08193,0.09433,0.10697
8171.0,0.10889,0.10331,0.0983,0.21251,0.12624,0.11652,0.14016,0.09408
8172.0,0.09122,0.16163,0.08093,0.22298,0.09864,0.11658,0.13436,0.09366
8173.0,0.10441,0.09905,0.09101,0.28748,0.10457,0.10047,0.10695,0.10606
8174.0,0.09122,0.08365,0.12505,0.30286,0.08843,0.10879,0.09353,0.10645
8175.0,0.08585,0.08831,0.13286,0.31634,0.07832,0.0995,0.09789,0.10092
8194.0,0.089,0.18128,0.08184,0.18186,0.12303,0.12555,0.10954,0.10791
8196.0,0.07735,0.10609,0.114,0.18388,0.17143,0.11023,0.12059,0.11642
8197.0,0.10486,0.09998,0.09559,0.17355,0.16847,0.13094,0.11964,0.10697
8198.0,0.07324,0.12235,0.11664,0.21905,0.13412,0.11674,0.10814,0.10972
8267.0,0.10354,0.0995,0.13112,0.14364,0.15967,0.14145,0.11445,0.10662
8295.0,0.09031,0.10719,0.12114,0.23404,0.12111,0.11185,0.10434,0.11002
8299.0,0.10851,0.12298,0.11091,0.11224,0.18618,0.15304,0.09982,0.10631
8300.0,0.10969,0.19968,0.10381,0.11128,0.14143,0.12421,0.10879,0.10112
8425.0,0.10121,0.14168,0.1172,0.16457,0.12185,0.12626,0.12428,0.10296
8426.0,0.10228,0.14023,0.1166,0.16469,0.11827,0.13176,0.12416,0.10201
8427.0,0.09289,0.12338,0.13738,0.17085,0.13429,0.11561,0.1214,0.10419
8428.0,0.0994,0.12202,0.12837,0.16581,0.13934,0.11602,0.12179,0.10725
8429.0,0.10481,0.12263,0.12792,0.16427,0.12702,0.12063,0.12553,0.1072
8484.0,0.10931,0.11678,0.12285,0.15837,0.13452,0.11394,0.12801,0.11623
8485.0,0.10173,0.11421,0.12211,0.16183,0.12406,0.12852,0.13244,0.1151
8591.0,0.10324,0.11992,0.10209,0.20729,0.1184,0.11981,0.12367,0.10558
8592.0,0.10736,0.12302,0.0828,0.1888,0.13064,0.12913,0.12333,0.11491
8593.0,0.10242,0.1252,0.08635,0.19514,0.12421,0.13287,0.12388,0.10992
8594.0,0.10105,0.09661,0.12699,0.21274,0.14044,0.11161,0.11781,0.09275
8595.0,0.10485,0.09576,0.11743,0.21131,0.14217,0.11054,0.12516,0.09278
8596.0,0.15868,0.16876,0.05354,0.26716,0.04064,0.20651,0.06889,0.03584
8603.0,0.06859,0.13943,0.10169,0.28216,0.11142,0.09984,0.10302,0.09384
8608.0,0.08173,0.10845,0.1105,0.2115,0.16854,0.10853,0.10407,0.10668
8610.0,0.08262,0.14195,0.11477,0.22849,0.09449,0.11569,0.11993,0.10207
8611.0,0.08928,0.12005,0.12968,0.22081,0.11823,0.10416,0.12418,0.09361
8612.0,0.08503,0.1295,0.0924,0.23965,0.1109,0.11531,0.12257,0.10464
8614.0,0.09347,0.11655,0.09833,0.22957,0.11332,0.12224,0.11869,0.10783
8615.0,0.07764,0.1268,0.11114,0.24247,0.1043,0.10989,0.12371,0.10404
8710.0,0.09525,0.11408,0.1264,0.16093,0.14034,0.14443,0.12006,0.09851
8711.0,0.11014,0.10081,0.14693,0.13813,0.14779,0.13902,0.11097,0.10621
8712.0,0.09805,0.10537,0.14431,0.13978,0.14669,0.1448,0.11105,0.10996
8713.0,0.12258,0.08156,0.12896,0.131,0.16169,0.14513,0.12167,0.10742
8750.0,0.09204,0.09514,0.14614,0.16356,0.13562,0.14207,0.11972,0.10572
8751.0,0.10146,0.0909,0.11516,0.17418,0.13683,0.14877,0.13047,0.10222
8752.0,0.09027,0.08356,0.17748,0.16119,0.15738,0.10667,0.12152,0.10193
8753.0,0.09762,0.10223,0.13006,0.16024,0.1685,0.1209,0.11496,0.10548
8761.0,0.10263,0.10127,0.1297,0.15791,0.17091,0.11308,0.12277,0.10172
8764.0,0.10265,0.12631,0.1202,0.16913,0.12717,0.133,0.11896,0.10258
8765.0,0.0976,0.12957,0.12763,0.17195,0.12572,0.12182,0.12012,0.1056
8775.0,0.09415,0.09185,0.15286,0.18992,0.1278,0.11916,0.12246,0.10179
8781.0,0.10269,0.10358,0.13443,0.18218,0.12921,0.11917,0.12374,0.10501
8788.0,0.0997,0.09326,0.16707,0.13329,0.17455,0.13455,0.09284,0.10475
8792.0,0.10171,0.1917,0.10069,0.10863,0.17994,0.10916,0.09903,0.10914
8793.0,0.11086,0.09857,0.11319,0.16944,0.11398,0.13451,0.14885,0.11059
8794.0,0.11783,0.10799,0.1104,0.1553,0.11366,0.13334,0.15308,0.1084
8795.0,0.10524,0.1092,0.10629,0.15627,0.15045,0.12575,0.14096,0.10584
8796.0,0.10471,0.09886,0.11574,0.15013,0.17108,0.11692,0.13713,0.10541
8883.0,0.10541,0.10991,0.10384,0.22106,0.12288,0.11404,0.13133,0.09152
8884.0,0.11081,0.11233,0.09669,0.22697,0.10123,0.13339,0.12535,0.09324
8885.0,0.0997,0.12544,0.08947,0.23313,0.09372,0.11602,0.13531,0.10721
8886.0,0.10884,0.10839,0.09835,0.2093,0.1336,0.11168,0.13146,0.09839
8887.0,0.10001,0.12012,0.1094,0.22231,0.11278,0.11018,0.13201,0.09318
8938.0,0.08772,0.11538,0.08542,0.26272,0.11582,0.10369,0.12276,0.10649
8939.0,0.06147,0.09545,0.12866,0.33374,0.11775,0.07951,0.09185,0.09158
8940.0,0.07946,0.0759,0.13155,0.31737,0.12051,0.08233,0.09475,0.09813
8941.0,0.09602,0.09259,0.0963,0.25266,0.12295,0.1079,0.12349,0.1081
8955.0,0.09267,0.09956,0.14064,0.18296,0.14659,0.11614,0.1146,0.10685
8956.0,0.10864,0.1103,0.09594,0.18291,0.14053,0.13367,0.11976,0.10826
8957.0,0.0939,0.11336,0.10836,0.1897,0.14085,0.12696,0.11925,0.1076
8958.0,0.09618,0.10914,0.11165,0.19073,0.14996,0.11775,0.12295,0.10165
8983.0,0.08901,0.17591,0.08512,0.23762,0.08639,0.12583,0.07715,0.12297
