fund number,Beta1,Beta2,Beta3,Beta4,Beta5,Beta6,Beta7,Beta8
2413.0,0.08435,0.12462,0.12185,0.19167,0.14073,0.13352,0.09308,0.1102
2724.0,0.10375,0.09706,0.11091,0.17668,0.15807,0.13146,0.1199,0.10217
2729.0,0.09785,0.09497,0.09172,0.29616,0.08683,0.12297,0.11496,0.09454
2731.0,0.08601,0.12406,0.09818,0.13285,0.18727,0.15913,0.11314,0.09935
2733.0,0.08735,0.12661,0.09258,0.19144,0.14167,0.14736,0.11403,0.09896
2755.0,0.09776,0.1188,0.11005,0.18474,0.13586,0.13904,0.11515,0.09862
2761.0,0.09029,0.11149,0.08836,0.2671,0.10608,0.11916,0.12151,0.09601
2762.0,0.09053,0.11144,0.08826,0.26687,0.10601,0.11923,0.12156,0.0961
2771.0,0.09058,0.1111,0.08846,0.26631,0.10611,0.11974,0.12171,0.09598
2777.0,0.09982,0.12256,0.09577,0.23177,0.08305,0.13336,0.14582,0.08785
2807.0,0.10166,0.11158,0.09154,0.25128,0.06063,0.14674,0.15083,0.08575
2813.0,0.10457,0.079,0.09468,0.27936,0.13423,0.0918,0.1209,0.09546
2815.0,0.11679,0.07715,0.11898,0.21645,0.13839,0.10056,0.13314,0.09854
2816.0,0.10885,0.11667,0.07813,0.25903,0.08643,0.12097,0.13188,0.09805
2818.0,0.1233,0.09499,0.09795,0.23221,0.10988,0.11694,0.12901,0.0957
2828.0,0.10925,0.10458,0.09812,0.25878,0.09925,0.10329,0.12658,0.10014
2842.0,0.1068,0.09917,0.10533,0.24684,0.12451,0.08918,0.12503,0.10313
2843.0,0.10691,0.09152,0.11023,0.24879,0.12596,0.0948,0.12478,0.09701
2844.0,0.11467,0.08125,0.11171,0.24587,0.13555,0.09056,0.12326,0.09714
2900.0,0.09464,0.13321,0.10031,0.16683,0.14631,0.15276,0.10844,0.0975
2901.0,0.0873,0.15128,0.09909,0.17081,0.12577,0.15042,0.11226,0.10306
2902.0,0.09563,0.14035,0.09087,0.16609,0.14349,0.15359,0.10775,0.10223
2906.0,0.10101,0.10244,0.0998,0.20369,0.13816,0.115,0.14224,0.09766
2908.0,0.09353,0.09824,0.10864,0.22412,0.11163,0.12209,0.13961,0.10214
2911.0,0.09562,0.09529,0.10325,0.2921,0.08919,0.11443,0.11262,0.09749
2912.0,0.09645,0.08938,0.1072,0.28514,0.0938,0.10908,0.1143,0.10465
2915.0,0.0998,0.08775,0.10129,0.23612,0.11894,0.12036,0.13838,0.09736
2926.0,0.08636,0.14445,0.105,0.16975,0.14316,0.13871,0.10399,0.10859
2927.0,0.09623,0.12199,0.11267,0.16528,0.14744,0.14834,0.10371,0.10434
2928.0,0.09509,0.14142,0.10018,0.17374,0.13309,0.1446,0.10906,0.10281
2931.0,0.09116,0.09063,0.10058,0.30433,0.08008,0.11858,0.11602,0.09862
2936.0,0.11273,0.07128,0.11056,0.314,0.0772,0.11478,0.1075,0.09195
2937.0,0.12286,0.08602,0.09938,0.29381,0.07548,0.11222,0.11001,0.10022
2938.0,0.13122,0.08018,0.1015,0.27955,0.07285,0.12428,0.1058,0.10462
2943.0,0.09915,0.11181,0.08581,0.21599,0.12006,0.12785,0.1434,0.09594
2944.0,0.0998,0.10542,0.09708,0.21288,0.11763,0.12919,0.143,0.095
2945.0,0.09772,0.10484,0.09853,0.21861,0.12589,0.11595,0.13875,0.09972
2949.0,0.09679,0.10563,0.09218,0.29434,0.07974,0.12093,0.11413,0.09625
2959.0,0.10786,0.08947,0.09939,0.28933,0.08571,0.11351,0.11603,0.0987
2960.0,0.0986,0.12856,0.09173,0.17969,0.14739,0.11151,0.14549,0.09704
2961.0,0.10303,0.12534,0.09699,0.15228,0.1464,0.12775,0.14664,0.10157
2962.0,0.10135,0.12407,0.08758,0.15101,0.15461,0.12617,0.15025,0.10495
2963.0,0.10298,0.10806,0.10702,0.14742,0.16915,0.11522,0.14468,0.10547
2989.0,0.13863,0.09288,0.09759,0.12936,0.16344,0.14412,0.13154,0.10243
2995.0,0.09296,0.1295,0.10061,0.17992,0.1236,0.14527,0.12888,0.09926
2996.0,0.10039,0.1141,0.09005,0.15869,0.16301,0.14789,0.12896,0.09691
2997.0,0.09789,0.11547,0.09323,0.19239,0.12342,0.15148,0.12517,0.10094
2998.0,0.0946,0.12977,0.09067,0.18318,0.13301,0.14502,0.12341,0.10034
2999.0,0.11048,0.09589,0.10618,0.1387,0.18548,0.13666,0.12623,0.10038
3000.0,0.09988,0.12321,0.08317,0.1731,0.13427,0.15767,0.13125,0.09745
3005.0,0.12099,0.09556,0.1046,0.14289,0.15692,0.14589,0.1333,0.09983
3006.0,0.11744,0.10785,0.09416,0.13815,0.1682,0.14568,0.12826,0.10027
3024.0,0.09892,0.11318,0.10617,0.19454,0.14693,0.12786,0.10562,0.10678
3050.0,0.11317,0.11269,0.11686,0.13447,0.1551,0.13539,0.12741,0.10491
3051.0,0.11667,0.11216,0.12427,0.14039,0.14973,0.1265,0.12569,0.10459
3052.0,0.12398,0.09882,0.11353,0.13984,0.16096,0.13218,0.12658,0.1041
3053.0,0.12153,0.09708,0.12058,0.1456,0.14735,0.13286,0.12863,0.10638
3054.0,0.11351,0.11651,0.10877,0.14892,0.1459,0.13033,0.12862,0.10744
3067.0,0.10412,0.11372,0.11752,0.16101,0.15441,0.12399,0.12159,0.10365
3069.0,0.11116,0.10197,0.12005,0.1598,0.15494,0.12853,0.12121,0.10234
3070.0,0.1163,0.09159,0.12117,0.17322,0.13979,0.13202,0.12261,0.1033
3071.0,0.11043,0.09662,0.12157,0.17302,0.14087,0.13156,0.12291,0.10301
3072.0,0.11699,0.09969,0.11033,0.16536,0.15454,0.12916,0.12169,0.10223
3078.0,0.10864,0.12066,0.10917,0.15589,0.14873,0.15298,0.10242,0.1015
3081.0,0.09195,0.11358,0.12669,0.15113,0.18027,0.13262,0.10419,0.09957
3087.0,0.10533,0.10926,0.11627,0.15073,0.15877,0.15584,0.10353,0.10026
3088.0,0.1018,0.12149,0.11876,0.16167,0.13197,0.15832,0.10771,0.09827
3089.0,0.09549,0.12606,0.11985,0.1583,0.15997,0.14392,0.10237,0.09404
3313.0,0.10175,0.09493,0.12503,0.24515,0.11486,0.13278,0.0792,0.10632
3314.0,0.10432,0.0814,0.09081,0.26679,0.1309,0.12847,0.09118,0.10613
3315.0,0.1004,0.12685,0.10026,0.22766,0.08759,0.17896,0.07762,0.10065
3317.0,0.09515,0.12067,0.09256,0.22002,0.11166,0.14097,0.11639,0.10258
3318.0,0.09842,0.11927,0.09879,0.2092,0.1354,0.1218,0.11882,0.09829
3319.0,0.09718,0.106,0.10942,0.20563,0.13443,0.13184,0.10943,0.10608
3324.0,0.09368,0.12345,0.09444,0.20657,0.13756,0.12196,0.11438,0.10796
3361.0,0.10959,0.08335,0.09372,0.34544,0.05595,0.13035,0.0842,0.09741
3362.0,0.09169,0.09151,0.09583,0.37869,0.04444,0.12955,0.07685,0.09144
3363.0,0.09448,0.09492,0.09344,0.3661,0.04767,0.12143,0.09056,0.09141
3369.0,0.10154,0.111,0.12281,0.15194,0.1549,0.14377,0.10997,0.10406
3370.0,0.11126,0.11285,0.11862,0.13278,0.16097,0.14839,0.10777,0.10735
3371.0,0.1102,0.11691,0.11657,0.15079,0.15346,0.13342,0.10945,0.10921
3372.0,0.10305,0.11515,0.11901,0.14914,0.15905,0.14116,0.10865,0.10479
3394.0,0.10391,0.09444,0.09313,0.27067,0.08184,0.13361,0.11942,0.10297
3395.0,0.11096,0.10764,0.09577,0.23288,0.12121,0.11541,0.11779,0.09834
3396.0,0.13378,0.08617,0.10351,0.24002,0.07661,0.13982,0.11779,0.1023
3400.0,0.09587,0.12856,0.07798,0.30001,0.07657,0.11636,0.10391,0.10074
3404.0,0.10295,0.09429,0.09793,0.31997,0.07862,0.11103,0.09814,0.09708
3405.0,0.10049,0.11288,0.09496,0.27297,0.09201,0.13062,0.09539,0.10067
3412.0,0.09816,0.10314,0.10364,0.1381,0.19979,0.14191,0.10521,0.11005
3413.0,0.10078,0.10683,0.11972,0.17286,0.13598,0.14963,0.10054,0.11365
3414.0,0.11736,0.10413,0.0912,0.27551,0.07458,0.14782,0.08874,0.10067
3421.0,0.0983,0.11409,0.11766,0.18866,0.1325,0.13643,0.10383,0.10852
3429.0,0.1082,0.11799,0.109,0.17091,0.13959,0.13837,0.10381,0.11212
3436.0,0.11014,0.1059,0.10674,0.17353,0.15287,0.14237,0.10073,0.10772
3437.0,0.09479,0.11626,0.10141,0.14258,0.17225,0.15203,0.1095,0.11118
3438.0,0.09439,0.11627,0.10932,0.14658,0.15993,0.15042,0.11054,0.11255
3439.0,0.09756,0.11712,0.10218,0.13314,0.18776,0.14479,0.10652,0.11093
3443.0,0.09662,0.10452,0.10108,0.21147,0.14566,0.11375,0.12283,0.10408
3450.0,0.11633,0.1007,0.11918,0.14362,0.16065,0.12968,0.12363,0.1062
3460.0,0.09083,0.1264,0.08878,0.22818,0.11664,0.12145,0.1253,0.10241
3461.0,0.11485,0.10599,0.10997,0.144,0.16492,0.12941,0.12652,0.10433
3476.0,0.09266,0.11548,0.10219,0.22363,0.11676,0.11898,0.12859,0.1017
3478.0,0.11226,0.1066,0.1115,0.14894,0.16961,0.12585,0.11953,0.10573
3479.0,0.10847,0.11214,0.11951,0.14557,0.14653,0.13643,0.12846,0.10288
3501.0,0.09407,0.12306,0.09316,0.22122,0.12002,0.11992,0.12495,0.1036
3528.0,0.09223,0.12509,0.09623,0.13451,0.18368,0.14662,0.12216,0.09948
3532.0,0.09382,0.09728,0.09574,0.2877,0.09083,0.11439,0.12742,0.09283
3542.0,0.08239,0.12801,0.08805,0.29242,0.09778,0.10969,0.10243,0.09923
3566.0,0.11673,0.09421,0.10975,0.17637,0.16344,0.11583,0.11705,0.10663
3573.0,0.07315,0.17846,0.07559,0.23563,0.07099,0.15391,0.11894,0.09334
3574.0,0.09317,0.12006,0.08386,0.21243,0.13014,0.13059,0.13053,0.09923
3584.0,0.09415,0.11144,0.09888,0.19024,0.14746,0.14135,0.10709,0.10938
3585.0,0.10214,0.11368,0.10411,0.18023,0.1523,0.13586,0.10113,0.11055
3586.0,0.09465,0.11223,0.10497,0.19718,0.13974,0.13858,0.10457,0.1081
3587.0,0.09736,0.11648,0.10075,0.18577,0.14914,0.13748,0.1016,0.11143
3594.0,0.09533,0.12195,0.10192,0.14712,0.17951,0.13902,0.11052,0.10463
3596.0,0.12317,0.15186,0.10733,0.09046,0.17824,0.11656,0.12701,0.10536
3606.0,0.10031,0.1191,0.09741,0.12504,0.15914,0.16938,0.13587,0.09375
3607.0,0.11041,0.10748,0.08633,0.25625,0.09948,0.1249,0.11739,0.09777
3608.0,0.1049,0.13263,0.07472,0.23231,0.08121,0.15029,0.1294,0.09453
3613.0,0.12699,0.08867,0.108,0.13043,0.18686,0.12809,0.12538,0.10558
3616.0,0.10713,0.15587,0.07356,0.2024,0.12592,0.13577,0.09944,0.09991
3617.0,0.09498,0.11355,0.10388,0.20209,0.14332,0.12021,0.12046,0.10151
3618.0,0.10037,0.16942,0.1441,0.11126,0.14475,0.10898,0.10836,0.11276
3619.0,0.11057,0.09851,0.105,0.18124,0.14398,0.13513,0.12705,0.09851
3620.0,0.11111,0.09389,0.10669,0.17603,0.16092,0.12561,0.12515,0.1006
3626.0,0.09017,0.103,0.09998,0.24743,0.10705,0.1151,0.13468,0.10259
3628.0,0.09922,0.13233,0.06932,0.10326,0.23924,0.14841,0.1176,0.09062
3639.0,0.11035,0.09058,0.12029,0.15053,0.16608,0.1319,0.13071,0.09957
3645.0,0.09228,0.10686,0.09649,0.22832,0.12228,0.10864,0.13812,0.10701
3647.0,0.10163,0.10384,0.09621,0.20194,0.14073,0.11498,0.13576,0.10491
3650.0,0.08698,0.13369,0.09278,0.12356,0.21386,0.13293,0.11922,0.09699
3651.0,0.09364,0.13009,0.08404,0.12125,0.21034,0.14176,0.11694,0.10193
3689.0,0.10851,0.11288,0.10263,0.18557,0.13727,0.13063,0.12236,0.10015
3692.0,0.12213,0.09558,0.13723,0.12998,0.17335,0.12076,0.12085,0.10013
3702.0,0.16718,0.20744,0.06466,0.11816,0.07758,0.1329,0.13273,0.09935
3711.0,0.0858,0.14267,0.10122,0.2055,0.10406,0.15324,0.10405,0.10346
3712.0,0.10208,0.12554,0.10817,0.16731,0.15257,0.12211,0.11034,0.11188
3714.0,0.10557,0.1157,0.09402,0.22108,0.10661,0.14507,0.117,0.09495
3715.0,0.08091,0.21052,0.06736,0.16371,0.07929,0.17709,0.10666,0.11446
3716.0,0.0924,0.1152,0.09862,0.19853,0.10842,0.14059,0.14794,0.0983
3719.0,0.12939,0.11941,0.10863,0.12849,0.15692,0.12995,0.12542,0.10179
3721.0,0.10796,0.11602,0.0943,0.18089,0.14651,0.13004,0.12657,0.09772
3722.0,0.09442,0.11822,0.10007,0.2146,0.12549,0.13805,0.10565,0.1035
3746.0,0.09907,0.11283,0.10394,0.21825,0.11844,0.13374,0.10887,0.10487
3747.0,0.10919,0.11793,0.09531,0.16462,0.16006,0.13159,0.12024,0.10106
3750.0,0.09564,0.10933,0.1071,0.21832,0.13268,0.12515,0.10924,0.10254
3753.0,0.09689,0.11739,0.10622,0.19206,0.12846,0.13215,0.12451,0.10232
3790.0,0.10104,0.11971,0.09591,0.18044,0.1382,0.14199,0.11886,0.10384
3791.0,0.10421,0.11756,0.09488,0.17669,0.12941,0.14505,0.12072,0.11149
3792.0,0.10222,0.11536,0.09638,0.17547,0.13945,0.14286,0.12124,0.10702
3920.0,0.1202,0.07309,0.10934,0.24948,0.10479,0.12184,0.12204,0.0992
3932.0,0.1144,0.07781,0.10497,0.27217,0.08747,0.12002,0.12562,0.09754
3938.0,0.10283,0.0933,0.10321,0.26599,0.08112,0.12613,0.12966,0.09777
3944.0,0.11741,0.08437,0.1086,0.24266,0.09748,0.12237,0.12972,0.09739
3946.0,0.14841,0.09097,0.10465,0.20561,0.09206,0.12655,0.13175,0.1
3957.0,0.12633,0.07621,0.10536,0.25784,0.09167,0.12115,0.12629,0.09515
4068.0,0.10618,0.09055,0.11186,0.27545,0.092,0.11454,0.11266,0.09676
4069.0,0.09121,0.10127,0.11393,0.27101,0.10447,0.10788,0.11031,0.09992
4071.0,0.10577,0.09784,0.10638,0.2678,0.11246,0.10368,0.108,0.09806
4072.0,0.10323,0.10645,0.09887,0.26512,0.10093,0.11676,0.10917,0.09946
4266.0,0.10134,0.08592,0.11318,0.29688,0.08349,0.10769,0.12047,0.09102
4267.0,0.0974,0.10211,0.102,0.31457,0.05627,0.11825,0.11866,0.09074
4268.0,0.11211,0.08845,0.10474,0.27605,0.08839,0.11881,0.11624,0.0952
4269.0,0.10408,0.09374,0.09572,0.30811,0.07489,0.11636,0.11584,0.09125
4270.0,0.09725,0.10014,0.09173,0.29125,0.07716,0.12268,0.12496,0.09484
4271.0,0.10673,0.08615,0.1104,0.28827,0.08123,0.11225,0.12031,0.09467
4272.0,0.09777,0.10021,0.09894,0.26908,0.0994,0.11436,0.12247,0.09777
4281.0,0.12294,0.08407,0.10029,0.27909,0.09354,0.10978,0.11737,0.09292
4285.0,0.11624,0.10301,0.12163,0.14629,0.16747,0.12621,0.12139,0.09777
4286.0,0.11627,0.10338,0.11596,0.14336,0.17109,0.12994,0.11602,0.10398
4287.0,0.10741,0.09818,0.10137,0.26292,0.11307,0.10238,0.1191,0.09557
4288.0,0.10398,0.0931,0.10057,0.29678,0.09905,0.09973,0.11229,0.09449
4289.0,0.10622,0.09737,0.09877,0.28825,0.08879,0.10734,0.11657,0.09669
4291.0,0.10381,0.08721,0.10655,0.31277,0.07438,0.10834,0.11563,0.0913
4293.0,0.11025,0.10088,0.12284,0.16838,0.14845,0.12708,0.11948,0.10264
4301.0,0.10755,0.10429,0.09346,0.26862,0.10666,0.10321,0.11586,0.10035
4307.0,0.11444,0.09976,0.11565,0.1601,0.1532,0.13115,0.11989,0.10582
4308.0,0.11061,0.11018,0.108,0.15974,0.14995,0.13425,0.12017,0.10709
4309.0,0.11379,0.11832,0.09686,0.14821,0.16658,0.12982,0.11968,0.10675
4310.0,0.11007,0.10574,0.11599,0.15989,0.164,0.12039,0.12021,0.10373
4314.0,0.10991,0.07449,0.11185,0.29958,0.07668,0.11412,0.11948,0.09389
4334.0,0.11605,0.10887,0.08474,0.29192,0.08484,0.10866,0.10632,0.09859
4335.0,0.12199,0.10859,0.09226,0.25106,0.04973,0.18621,0.09879,0.09138
4336.0,0.1191,0.08754,0.12693,0.27923,0.05689,0.15744,0.09012,0.08275
4353.0,0.11609,0.11546,0.09355,0.17451,0.15735,0.12122,0.11261,0.10921
4354.0,0.10204,0.1104,0.10754,0.19227,0.14096,0.12646,0.10633,0.11401
4355.0,0.10887,0.11169,0.10724,0.19263,0.14647,0.11133,0.10894,0.11283
4356.0,0.11695,0.09942,0.11075,0.16967,0.15428,0.12638,0.10999,0.11256
4357.0,0.10421,0.10105,0.1084,0.19509,0.14743,0.12655,0.10748,0.10979
4358.0,0.10637,0.11358,0.10537,0.19026,0.16475,0.10724,0.10422,0.10821
4365.0,0.10118,0.12228,0.09524,0.19368,0.14386,0.12994,0.10958,0.10426
4374.0,0.09624,0.12172,0.09549,0.19977,0.11657,0.1534,0.11857,0.09824
4384.0,0.09742,0.11603,0.09926,0.20234,0.12048,0.14648,0.11834,0.09966
4394.0,0.09613,0.11342,0.10613,0.20396,0.11479,0.15125,0.11878,0.09555
4413.0,0.10108,0.1192,0.0942,0.20721,0.11154,0.15058,0.11714,0.09904
4423.0,0.10571,0.10753,0.10145,0.18005,0.14182,0.14415,0.11773,0.10157
4433.0,0.09185,0.10921,0.11258,0.21389,0.10493,0.14783,0.12482,0.09488
4456.0,0.11332,0.12668,0.0878,0.19361,0.15118,0.10507,0.12025,0.10208
4461.0,0.11206,0.0908,0.09746,0.29048,0.08375,0.11577,0.10772,0.10196
4462.0,0.10021,0.11374,0.1054,0.24311,0.10782,0.12092,0.10289,0.10591
4488.0,0.09852,0.12507,0.10033,0.12585,0.16762,0.17221,0.10508,0.10531
4489.0,0.09232,0.12397,0.10339,0.12406,0.17771,0.17268,0.10612,0.09976
4490.0,0.08701,0.12654,0.10179,0.13397,0.1852,0.15543,0.10824,0.10182
4491.0,0.09339,0.12635,0.08576,0.12647,0.20288,0.15798,0.10747,0.09971
4492.0,0.09108,0.12791,0.10192,0.1335,0.1636,0.16905,0.10673,0.10622
4493.0,0.09592,0.13468,0.09683,0.12086,0.17328,0.17396,0.10597,0.0985
4494.0,0.09313,0.13752,0.08105,0.11482,0.19099,0.17863,0.10756,0.0963
4504.0,0.10197,0.10678,0.10234,0.18478,0.13306,0.12275,0.14828,0.10004
4512.0,0.10546,0.10669,0.10035,0.23848,0.10429,0.11815,0.12089,0.1057
4513.0,0.10093,0.09637,0.10544,0.26877,0.09275,0.11914,0.11925,0.09736
4514.0,0.0946,0.09898,0.10162,0.28934,0.09797,0.1024,0.11719,0.0979
4515.0,0.10347,0.10486,0.0906,0.28039,0.08773,0.11764,0.116,0.0993
4516.0,0.09704,0.10966,0.0952,0.2821,0.08386,0.11775,0.11552,0.09887
4517.0,0.11101,0.09984,0.09563,0.26324,0.10105,0.11032,0.11889,0.10001
4518.0,0.10715,0.0922,0.09954,0.26233,0.09331,0.1268,0.12136,0.09732
4571.0,0.11186,0.11772,0.10244,0.12105,0.20065,0.13493,0.10467,0.10668
4572.0,0.10615,0.13159,0.10009,0.12492,0.18848,0.13193,0.10706,0.10979
4573.0,0.10176,0.1243,0.11112,0.13777,0.19564,0.12232,0.09994,0.10715
4574.0,0.10992,0.11587,0.10331,0.14625,0.16859,0.13838,0.10988,0.10782
4575.0,0.10514,0.11848,0.11673,0.12714,0.17324,0.14274,0.10657,0.10996
4576.0,0.11477,0.12096,0.09837,0.11575,0.19274,0.1411,0.10641,0.10989
4584.0,0.1044,0.09624,0.09462,0.23763,0.1044,0.13559,0.12468,0.10244
4585.0,0.10842,0.09728,0.09969,0.22828,0.10911,0.12456,0.1296,0.10305
4586.0,0.0969,0.10802,0.09853,0.23193,0.11771,0.12156,0.12481,0.10053
4587.0,0.10457,0.10275,0.09084,0.24067,0.09786,0.13372,0.1276,0.102
4588.0,0.10391,0.09746,0.09903,0.24397,0.09835,0.12942,0.12743,0.10043
4589.0,0.09983,0.09108,0.1048,0.24504,0.10819,0.12513,0.12796,0.09797
4636.0,0.10695,0.11771,0.08929,0.23295,0.10335,0.12378,0.12962,0.09635
4637.0,0.10523,0.10103,0.10364,0.23043,0.11176,0.1251,0.12275,0.10006
4638.0,0.1087,0.11485,0.09707,0.21691,0.10803,0.12787,0.12684,0.09974
4639.0,0.1053,0.11592,0.09451,0.22653,0.10668,0.12075,0.12658,0.10373
4640.0,0.09734,0.11395,0.09148,0.24168,0.09795,0.13138,0.12651,0.09971
4641.0,0.10399,0.09941,0.10513,0.23813,0.11048,0.12228,0.12368,0.09688
4642.0,0.10051,0.10865,0.0998,0.23519,0.10791,0.1237,0.12795,0.0963
4643.0,0.10328,0.1274,0.09229,0.2264,0.12036,0.11976,0.10666,0.10386
4647.0,0.09366,0.11958,0.0976,0.25227,0.10912,0.1144,0.10925,0.10412
4659.0,0.09969,0.09234,0.11018,0.18356,0.15795,0.11395,0.14381,0.09852
4669.0,0.09647,0.10567,0.10579,0.17806,0.15349,0.11808,0.1475,0.09495
4670.0,0.10717,0.08685,0.1076,0.20289,0.14396,0.11211,0.14297,0.09645
4671.0,0.09011,0.10798,0.10304,0.20021,0.13464,0.12268,0.14917,0.09217
4695.0,0.09931,0.11998,0.09242,0.19042,0.11966,0.15857,0.10696,0.11269
4703.0,0.16022,0.10904,0.10792,0.14248,0.10655,0.13518,0.12825,0.11037
4715.0,0.10784,0.12208,0.10544,0.20291,0.12015,0.11422,0.12729,0.10007
4717.0,0.09926,0.11964,0.10889,0.21127,0.11758,0.13443,0.10862,0.10031
4718.0,0.10084,0.12671,0.10224,0.21027,0.11387,0.13729,0.1082,0.10058
4719.0,0.10625,0.12043,0.10169,0.20386,0.11325,0.14168,0.10865,0.10418
4720.0,0.09389,0.12094,0.10653,0.22822,0.10493,0.14021,0.10714,0.09814
4721.0,0.10722,0.1141,0.10643,0.21642,0.11025,0.13455,0.10563,0.10541
4722.0,0.09689,0.12961,0.10069,0.21793,0.10412,0.13802,0.11192,0.10082
4723.0,0.1016,0.13075,0.09973,0.21038,0.10922,0.1401,0.10896,0.09926
4724.0,0.09633,0.13202,0.10085,0.21202,0.11292,0.13371,0.10971,0.10245
4725.0,0.10219,0.13304,0.09445,0.20497,0.11104,0.14322,0.11248,0.09862
4726.0,0.09599,0.1221,0.10585,0.22631,0.10573,0.1361,0.10844,0.09948
4727.0,0.10206,0.13692,0.0997,0.19998,0.11455,0.13536,0.10917,0.10225
4728.0,0.09882,0.12429,0.10399,0.20711,0.12049,0.13674,0.10829,0.10029
4729.0,0.09771,0.13059,0.10724,0.20468,0.11192,0.13834,0.11078,0.09876
4730.0,0.09795,0.13106,0.10337,0.21,0.1028,0.14326,0.1115,0.10005
4752.0,0.09787,0.09939,0.1072,0.24585,0.12526,0.1088,0.12012,0.0955
4756.0,0.11342,0.09289,0.09398,0.22662,0.12904,0.12328,0.1233,0.09747
4808.0,0.11694,0.11286,0.08431,0.12846,0.19346,0.12366,0.13401,0.10631
4962.0,0.11311,0.11299,0.0849,0.12944,0.13228,0.16153,0.17539,0.09035
4963.0,0.09955,0.10196,0.0829,0.11115,0.17656,0.16088,0.17359,0.09339
4964.0,0.08554,0.10305,0.10877,0.13335,0.16014,0.13399,0.17985,0.09531
4965.0,0.10732,0.08644,0.10045,0.15317,0.1269,0.15721,0.17735,0.09115
4966.0,0.10968,0.06985,0.13519,0.12025,0.15419,0.13367,0.18815,0.08901
4967.0,0.1137,0.06052,0.12247,0.15974,0.09327,0.1774,0.18592,0.08698
4968.0,0.08866,0.07255,0.14869,0.15175,0.14142,0.12881,0.18034,0.08778
4969.0,0.12493,0.10331,0.085,0.14108,0.1131,0.15525,0.18585,0.09148
4970.0,0.16105,0.0821,0.10355,0.11512,0.15756,0.11702,0.16691,0.09669
4971.0,0.14526,0.08319,0.1049,0.14031,0.14925,0.11426,0.16739,0.09544
4972.0,0.14315,0.08666,0.09886,0.11593,0.1651,0.12319,0.17005,0.09707
4973.0,0.13007,0.09522,0.09101,0.14574,0.11378,0.15133,0.17365,0.09921
4984.0,0.09668,0.11837,0.08834,0.16277,0.16195,0.14563,0.12638,0.09988
4986.0,0.08651,0.10557,0.10155,0.25614,0.10053,0.12582,0.13163,0.09224
4987.0,0.08973,0.09148,0.11759,0.2345,0.11099,0.12485,0.13698,0.09387
4988.0,0.09318,0.11555,0.09144,0.23613,0.08935,0.13769,0.13519,0.10147
4989.0,0.0785,0.11577,0.10557,0.23996,0.12472,0.11112,0.13012,0.09423
4992.0,0.09662,0.119,0.09871,0.16428,0.14711,0.14588,0.12357,0.10484
4997.0,0.09182,0.12109,0.09619,0.15806,0.15698,0.14307,0.12817,0.10461
5000.0,0.09952,0.11926,0.09624,0.14958,0.1691,0.13661,0.11991,0.10977
5001.0,0.10832,0.11004,0.09532,0.15845,0.16275,0.14498,0.11968,0.10046
5030.0,0.09619,0.08706,0.11292,0.28055,0.09573,0.11454,0.11633,0.09667
5034.0,0.09416,0.09466,0.11474,0.27214,0.09827,0.11179,0.11691,0.09733
5035.0,0.0963,0.09543,0.11263,0.27002,0.09849,0.11279,0.11714,0.0972
5036.0,0.10365,0.098,0.10558,0.26767,0.09332,0.11968,0.11667,0.09545
5037.0,0.08886,0.10039,0.10608,0.2905,0.09512,0.10719,0.11563,0.09623
5038.0,0.09271,0.10554,0.10658,0.26447,0.10243,0.11568,0.11766,0.09494
5040.0,0.09802,0.10048,0.10475,0.25577,0.11059,0.11314,0.1199,0.09736
5046.0,0.11857,0.09236,0.11482,0.16635,0.13651,0.11765,0.14832,0.1054
5048.0,0.09444,0.1082,0.09664,0.27462,0.09293,0.11758,0.12173,0.09386
5049.0,0.10486,0.09477,0.09452,0.27476,0.08771,0.13681,0.10784,0.09872
5051.0,0.13979,0.15372,0.08596,0.13704,0.09008,0.14236,0.16592,0.08513
5052.0,0.08414,0.13458,0.10657,0.13332,0.18882,0.14537,0.10223,0.10496
5053.0,0.09923,0.1055,0.09239,0.27245,0.09614,0.12027,0.12254,0.09148
5054.0,0.08818,0.13124,0.11038,0.15361,0.15065,0.15061,0.11072,0.1046
5055.0,0.09971,0.11311,0.10603,0.15175,0.16295,0.15918,0.10496,0.10232
5062.0,0.1511,0.13178,0.09102,0.14262,0.10159,0.12601,0.16344,0.09244
5070.0,0.11213,0.10764,0.11413,0.1715,0.13522,0.11518,0.14688,0.09733
5071.0,0.09923,0.09988,0.13094,0.18249,0.14252,0.10491,0.14155,0.09847
5072.0,0.12288,0.08511,0.11344,0.1884,0.13557,0.1125,0.1512,0.0909
5077.0,0.09861,0.1039,0.09274,0.28788,0.09713,0.10806,0.11793,0.09375
5078.0,0.09774,0.11677,0.08903,0.26082,0.10092,0.11612,0.12164,0.09696
5079.0,0.09759,0.09894,0.09167,0.30435,0.08727,0.11506,0.11471,0.09041
5096.0,0.15868,0.09493,0.14436,0.12974,0.13483,0.09926,0.14448,0.09373
5141.0,0.08825,0.11302,0.1058,0.24684,0.09728,0.1194,0.12689,0.10251
5142.0,0.08279,0.11145,0.11044,0.26222,0.09287,0.12068,0.12409,0.09545
5143.0,0.09497,0.11899,0.10017,0.23479,0.11644,0.11491,0.12711,0.09262
5144.0,0.09822,0.10494,0.09781,0.25204,0.0992,0.12815,0.12337,0.09627
5205.0,0.10574,0.11815,0.09246,0.27302,0.08101,0.12025,0.11398,0.0954
5206.0,0.14339,0.09002,0.08303,0.25468,0.07873,0.13577,0.11884,0.09555
5207.0,0.14464,0.07176,0.07741,0.34528,0.05175,0.12354,0.10649,0.07912
5208.0,0.13036,0.07502,0.08018,0.33426,0.05777,0.12349,0.11281,0.08612
5210.0,0.35593,0.20789,0.03549,0.00327,0.27708,0.03238,0.05941,0.02855
5236.0,0.10987,0.13795,0.09276,0.12873,0.14,0.1736,0.1151,0.10199
5243.0,0.09872,0.15023,0.09491,0.12733,0.16004,0.15919,0.11406,0.09552
5269.0,0.14339,0.05455,0.1705,0.13933,0.13458,0.14632,0.10635,0.10499
5297.0,0.08162,0.13192,0.10447,0.26025,0.10852,0.10917,0.10328,0.10076
5305.0,0.09168,0.12637,0.10052,0.19814,0.12521,0.15359,0.10015,0.10434
5306.0,0.09893,0.11461,0.10308,0.18693,0.13116,0.15124,0.10414,0.10991
5364.0,0.08519,0.15723,0.12621,0.19742,0.06607,0.19882,0.07735,0.0917
5369.0,0.0,0.99998,1e-05,0.0,2e-05,0.0,0.0,0.0
5376.0,0.09876,0.12711,0.10896,0.17183,0.14088,0.13512,0.10764,0.10969
5377.0,0.10299,0.11986,0.11393,0.16612,0.14178,0.13952,0.10606,0.10975
5378.0,0.11168,0.12091,0.10695,0.15941,0.14673,0.13204,0.10891,0.11336
5379.0,0.10036,0.13301,0.10463,0.16618,0.14936,0.13559,0.09946,0.1114
5380.0,0.0989,0.13522,0.10244,0.16636,0.14653,0.13828,0.09832,0.11396
5381.0,0.10331,0.13527,0.09674,0.18278,0.12884,0.13972,0.10357,0.10976
5386.0,0.10208,0.11102,0.09878,0.27558,0.09029,0.12862,0.08621,0.10741
5387.0,0.09841,0.10714,0.09632,0.30972,0.07596,0.13797,0.07932,0.09515
5388.0,0.09942,0.11847,0.10626,0.24341,0.09446,0.14824,0.0839,0.10585
5389.0,0.08946,0.10808,0.10875,0.27875,0.10362,0.12227,0.08832,0.10075
5390.0,0.08583,0.14397,0.08162,0.30798,0.07276,0.11888,0.08762,0.10134
5391.0,0.08202,0.12756,0.10022,0.29305,0.07064,0.13586,0.08588,0.10477
5395.0,0.09722,0.11653,0.10354,0.19844,0.13979,0.1345,0.08702,0.12296
5396.0,0.08871,0.09552,0.1316,0.23377,0.12495,0.13075,0.09109,0.1036
5397.0,0.09941,0.11501,0.09466,0.18192,0.1556,0.144,0.1041,0.10529
5399.0,0.09841,0.10927,0.10183,0.17019,0.16681,0.14667,0.09834,0.10848
5400.0,0.09319,0.114,0.11327,0.18265,0.14875,0.14389,0.10179,0.10247
5444.0,0.09907,0.1543,0.0931,0.1808,0.11793,0.13554,0.11826,0.10102
5463.0,0.09859,0.13007,0.0871,0.18642,0.14325,0.12513,0.12829,0.10116
5468.0,0.12388,0.13859,0.09587,0.1761,0.12704,0.11844,0.11374,0.10633
5469.0,0.1089,0.18331,0.08445,0.1614,0.11268,0.1253,0.11213,0.11182
5470.0,0.10617,0.16737,0.104,0.17991,0.11133,0.11368,0.11338,0.10415
5471.0,0.11375,0.17331,0.08466,0.18681,0.1013,0.12296,0.11503,0.10218
5491.0,0.11644,0.14266,0.09354,0.19817,0.09897,0.1411,0.09919,0.10992
5586.0,0.05977,0.11541,0.19204,0.23528,0.06575,0.17716,0.05834,0.09625
5587.0,0.10653,0.12,0.11913,0.15154,0.09791,0.2058,0.08592,0.11318
5588.0,0.11739,0.14964,0.06078,0.1702,0.08538,0.20687,0.1111,0.09865
5594.0,0.11038,0.08707,0.15377,0.25167,0.05636,0.15666,0.08046,0.10365
5596.0,0.08867,0.16318,0.06826,0.27621,0.04591,0.14553,0.12267,0.08958
5597.0,0.06616,0.17075,0.04809,0.40022,0.05249,0.05893,0.12801,0.07535
5598.0,0.09358,0.13748,0.10924,0.20774,0.1183,0.11491,0.11461,0.10414
5606.0,0.10192,0.12283,0.10576,0.14963,0.14667,0.16651,0.1009,0.1058
5622.0,0.11351,0.1365,0.11147,0.12415,0.13837,0.16236,0.10463,0.10901
5623.0,0.09849,0.11125,0.09902,0.19257,0.16181,0.14219,0.10485,0.08982
5624.0,0.12567,0.12664,0.12212,0.13829,0.13386,0.14096,0.11162,0.10085
5625.0,0.1206,0.12481,0.14018,0.09891,0.12172,0.16382,0.12288,0.10708
5626.0,0.11027,0.10323,0.11258,0.12649,0.18563,0.15274,0.10538,0.10369
5627.0,0.09818,0.10138,0.08613,0.29248,0.09328,0.12207,0.10825,0.09822
5635.0,0.07339,0.15504,0.1131,0.18709,0.10483,0.14933,0.10961,0.10761
5640.0,0.08912,0.11416,0.09634,0.24963,0.10707,0.12277,0.12303,0.09788
5645.0,0.09032,0.10672,0.09364,0.26224,0.08515,0.1414,0.12148,0.09904
5655.0,0.10707,0.11937,0.10105,0.18611,0.14662,0.12598,0.10509,0.10871
5664.0,0.09598,0.11686,0.09843,0.20523,0.14383,0.12031,0.10953,0.10983
5669.0,0.12079,0.11904,0.12007,0.15222,0.11156,0.12823,0.13758,0.11051
5674.0,0.12248,0.09643,0.11575,0.1743,0.154,0.09819,0.1394,0.09946
5679.0,0.11946,0.09822,0.12191,0.16039,0.14261,0.1328,0.11702,0.10759
5680.0,0.10625,0.11219,0.12115,0.17479,0.12886,0.12936,0.12188,0.10552
5681.0,0.10668,0.11801,0.10415,0.18074,0.12661,0.1413,0.11855,0.10397
5682.0,0.11621,0.10888,0.10816,0.16012,0.1401,0.1438,0.11864,0.10409
5683.0,0.11603,0.11012,0.12052,0.14716,0.14963,0.12707,0.12222,0.10725
5696.0,0.13193,0.09021,0.1071,0.19141,0.12042,0.11807,0.1444,0.09646
5697.0,0.11916,0.09352,0.12279,0.21459,0.0957,0.11099,0.15156,0.0917
5698.0,0.12644,0.09096,0.10809,0.2051,0.10971,0.11841,0.14383,0.09746
5699.0,0.11878,0.08338,0.13303,0.22845,0.10656,0.0981,0.14911,0.08259
5713.0,0.11919,0.11039,0.11329,0.14546,0.14467,0.13397,0.12469,0.10834
5715.0,0.11792,0.11157,0.10894,0.15181,0.15294,0.12933,0.11841,0.10908
5721.0,0.08295,0.09927,0.11189,0.25128,0.1351,0.10521,0.10857,0.10572
5722.0,0.08518,0.10855,0.11256,0.26421,0.09367,0.12689,0.10915,0.0998
5723.0,0.08699,0.10565,0.11461,0.25524,0.10205,0.13169,0.10535,0.09843
5727.0,0.10994,0.11401,0.11927,0.1491,0.14882,0.12631,0.1194,0.11314
5760.0,0.11007,0.09934,0.12465,0.13935,0.18819,0.11792,0.1205,0.09998
5761.0,0.10553,0.12126,0.11822,0.14213,0.17816,0.10888,0.11704,0.10879
5762.0,0.10768,0.12141,0.10393,0.14893,0.19254,0.1031,0.11133,0.11109
5763.0,0.11223,0.14005,0.0973,0.13663,0.17856,0.12006,0.12218,0.09299
5773.0,0.11092,0.12667,0.09937,0.15261,0.13459,0.15099,0.12144,0.1034
5787.0,0.09533,0.11875,0.10299,0.19837,0.138,0.1341,0.11319,0.09927
5810.0,0.09284,0.11683,0.12313,0.18478,0.14512,0.12364,0.11624,0.09742
5826.0,0.11941,0.0631,0.11975,0.39244,0.03382,0.16427,0.03361,0.07361
5831.0,0.08361,0.12355,0.11214,0.23577,0.12231,0.11426,0.09997,0.10837
5882.0,0.07453,0.10053,0.12137,0.29874,0.08744,0.12192,0.09035,0.10512
5918.0,0.11077,0.14524,0.12014,0.15094,0.13922,0.11205,0.11487,0.10678
5920.0,0.12869,0.10234,0.12014,0.2639,0.07296,0.1004,0.10648,0.10509
5921.0,0.09574,0.13037,0.10778,0.21675,0.09335,0.14333,0.11094,0.10173
5922.0,0.11164,0.11375,0.11757,0.22797,0.09901,0.12257,0.11044,0.09704
5939.0,0.11396,0.11807,0.08918,0.22156,0.10465,0.13819,0.11631,0.09808
5969.0,0.11504,0.11486,0.15676,0.14006,0.16069,0.13728,0.06212,0.11318
5972.0,0.11017,0.0932,0.12851,0.16622,0.16663,0.13476,0.08242,0.11808
5974.0,0.09616,0.10464,0.12092,0.18218,0.13996,0.16489,0.08205,0.1092
5975.0,0.10413,0.08851,0.12743,0.18307,0.18931,0.11703,0.08022,0.11031
5994.0,0.11013,0.13465,0.11778,0.27918,0.06444,0.08253,0.11628,0.09502
6034.0,0.17122,0.10302,0.13491,0.13734,0.10493,0.11571,0.13809,0.0948
6039.0,0.13235,0.10323,0.0807,0.17119,0.15169,0.13973,0.12149,0.09961
6041.0,0.09544,0.12543,0.08101,0.25967,0.10215,0.11995,0.11478,0.10156
6049.0,0.10102,0.2237,0.09563,0.15989,0.06464,0.11059,0.15623,0.08829
6081.0,0.09021,0.10264,0.11159,0.25858,0.11422,0.12028,0.09579,0.10668
6082.0,0.09015,0.11442,0.10452,0.25597,0.09995,0.13241,0.09976,0.10282
6083.0,0.09732,0.10815,0.10509,0.23613,0.13376,0.11039,0.09614,0.11302
6084.0,0.10439,0.11518,0.08936,0.22827,0.11973,0.1363,0.0998,0.10696
6085.0,0.09873,0.09693,0.11323,0.24828,0.11602,0.12647,0.10015,0.10019
6179.0,0.09979,0.12156,0.11537,0.134,0.17246,0.13841,0.11016,0.10824
6183.0,0.10351,0.12628,0.1114,0.13632,0.17608,0.13329,0.10871,0.10441
6186.0,0.11329,0.12604,0.10511,0.14609,0.13998,0.15214,0.11238,0.10497
6188.0,0.11023,0.11779,0.10854,0.13922,0.16293,0.14595,0.11178,0.10355
6281.0,0.07872,0.11684,0.13212,0.21505,0.10853,0.12531,0.11727,0.10614
6300.0,0.11953,0.09525,0.08841,0.26597,0.08855,0.1232,0.12502,0.09408
6301.0,0.11521,0.08555,0.10862,0.25463,0.09703,0.11993,0.12848,0.09054
6303.0,0.11116,0.09809,0.08989,0.26568,0.08779,0.12276,0.12915,0.09548
6304.0,0.0971,0.11124,0.10285,0.25637,0.09404,0.11228,0.12995,0.09616
6346.0,0.09169,0.12294,0.09862,0.18345,0.13224,0.13264,0.13727,0.10114
6347.0,0.09682,0.11124,0.09996,0.1698,0.15775,0.13394,0.13412,0.09637
6348.0,0.09347,0.1414,0.08097,0.16645,0.13661,0.14231,0.14118,0.09762
6349.0,0.09638,0.11196,0.10403,0.1713,0.15166,0.1297,0.13446,0.10051
6350.0,0.09635,0.12418,0.09354,0.18768,0.13024,0.13282,0.13934,0.09584
6351.0,0.10649,0.10195,0.10491,0.2415,0.10141,0.11921,0.11943,0.1051
6352.0,0.10376,0.09949,0.1175,0.25252,0.08717,0.11956,0.12246,0.09755
6353.0,0.09525,0.12022,0.09573,0.12059,0.18036,0.15328,0.13868,0.09589
6354.0,0.10778,0.11786,0.09913,0.2175,0.0998,0.13074,0.12511,0.10208
6355.0,0.09963,0.12389,0.07832,0.10682,0.2006,0.15684,0.13624,0.09767
6356.0,0.09701,0.11836,0.09457,0.12591,0.1781,0.14698,0.13675,0.10231
6357.0,0.09518,0.10886,0.10375,0.12677,0.17911,0.15214,0.13718,0.09703
6358.0,0.10082,0.12174,0.09039,0.122,0.1568,0.1644,0.14324,0.1006
6359.0,0.09759,0.11798,0.08908,0.11347,0.20474,0.13996,0.13721,0.09998
6360.0,0.09991,0.10885,0.1012,0.25919,0.0921,0.1168,0.12679,0.09515
6361.0,0.09665,0.10466,0.11028,0.2248,0.13054,0.10883,0.12816,0.09608
6362.0,0.1007,0.10228,0.10034,0.2277,0.12634,0.11871,0.12905,0.09488
6385.0,0.12609,0.15038,0.08952,0.14137,0.08358,0.15643,0.14711,0.10553
6386.0,0.09822,0.14663,0.1099,0.15289,0.10806,0.14129,0.14709,0.09592
6387.0,0.09855,0.15045,0.10062,0.16358,0.09311,0.14317,0.14885,0.10168
6388.0,0.10505,0.12583,0.11046,0.15476,0.13389,0.12884,0.14087,0.1003
6405.0,0.08322,0.13651,0.10541,0.23783,0.07262,0.11184,0.16124,0.09132
6406.0,0.11199,0.10064,0.11176,0.22727,0.07561,0.13956,0.1401,0.09305
6407.0,0.12629,0.1117,0.09982,0.20974,0.07572,0.13848,0.13765,0.10059
6408.0,0.13184,0.07903,0.09537,0.18654,0.10238,0.14769,0.15934,0.09782
6409.0,0.10876,0.09698,0.10184,0.21092,0.11436,0.13433,0.13157,0.10124
6410.0,0.12066,0.09672,0.10498,0.20297,0.11796,0.12975,0.12776,0.0992
6411.0,0.11376,0.0973,0.10124,0.22087,0.10618,0.134,0.13111,0.09554
6412.0,0.10729,0.09422,0.10523,0.21855,0.12827,0.12052,0.12697,0.09895
6413.0,0.11453,0.10461,0.09255,0.21554,0.11187,0.13741,0.1272,0.0963
6467.0,0.09505,0.25235,0.09729,0.12763,0.10255,0.12093,0.10751,0.09669
6469.0,0.10771,0.2268,0.09259,0.10723,0.13676,0.12305,0.10537,0.10049
6470.0,0.09644,0.23027,0.0943,0.12266,0.11833,0.12404,0.10992,0.10405
6471.0,0.09604,0.23954,0.09551,0.11997,0.13039,0.11547,0.10352,0.09957
6597.0,0.10613,0.12938,0.09143,0.15254,0.15007,0.14058,0.13324,0.09663
6599.0,0.11796,0.10513,0.09858,0.1482,0.17164,0.12833,0.12916,0.101
6606.0,0.10297,0.10293,0.11751,0.18647,0.13372,0.12765,0.13571,0.09303
6607.0,0.13628,0.10313,0.08992,0.16253,0.10888,0.1627,0.13046,0.10609
6617.0,0.09605,0.12834,0.11042,0.26476,0.09242,0.10228,0.10774,0.09799
6647.0,0.11317,0.10391,0.09499,0.2453,0.10431,0.12239,0.11333,0.10259
6648.0,0.08138,0.10892,0.11119,0.28578,0.1011,0.10543,0.10949,0.09671
6649.0,0.08964,0.12744,0.10454,0.23379,0.09491,0.13762,0.10146,0.1106
6650.0,0.10338,0.11038,0.10629,0.2227,0.10869,0.14184,0.10383,0.10288
6651.0,0.11459,0.11377,0.08822,0.25668,0.07546,0.15806,0.09797,0.09526
6652.0,0.09968,0.11168,0.10424,0.25431,0.10598,0.11059,0.11767,0.09584
6653.0,0.09484,0.11795,0.10685,0.26489,0.10108,0.10352,0.11349,0.09738
6655.0,0.09235,0.13787,0.0842,0.22521,0.09281,0.1461,0.11012,0.11133
6656.0,0.09293,0.12532,0.09027,0.23984,0.10294,0.13296,0.10993,0.10582
6657.0,0.10167,0.09974,0.11323,0.24386,0.11095,0.13842,0.10178,0.09035
6670.0,0.10083,0.12529,0.09526,0.24974,0.09005,0.13863,0.09753,0.10267
6676.0,0.12163,0.09577,0.10855,0.25855,0.10889,0.10064,0.11004,0.09591
6677.0,0.0956,0.1279,0.10277,0.25731,0.09222,0.12234,0.10564,0.09622
6678.0,0.12008,0.12483,0.09001,0.25193,0.0959,0.11686,0.10373,0.09666
6685.0,0.09457,0.14455,0.11054,0.17845,0.09864,0.15872,0.10212,0.11241
6710.0,0.09639,0.12176,0.12923,0.17721,0.12718,0.13761,0.09548,0.11514
6712.0,0.09594,0.12712,0.11867,0.16294,0.13232,0.15065,0.10876,0.10359
6716.0,0.11054,0.11185,0.09842,0.15993,0.13543,0.13144,0.1544,0.09798
6717.0,0.1268,0.10395,0.10972,0.13445,0.11058,0.14488,0.16852,0.10111
6718.0,0.11825,0.10681,0.09704,0.17496,0.09832,0.1431,0.15945,0.10208
6722.0,0.13503,0.11729,0.10317,0.17834,0.09048,0.12964,0.15112,0.09494
6726.0,0.12481,0.09744,0.12853,0.20048,0.09287,0.11936,0.14504,0.09147
6728.0,0.13485,0.10914,0.10468,0.18313,0.12825,0.09833,0.1498,0.09182
6731.0,0.11337,0.14271,0.09003,0.20364,0.09748,0.11104,0.14668,0.09504
6734.0,0.12784,0.10455,0.10962,0.17647,0.13195,0.11046,0.15141,0.0877
6737.0,0.13344,0.13096,0.09967,0.10433,0.16777,0.12715,0.12436,0.11231
6738.0,0.10223,0.13482,0.08905,0.2001,0.10672,0.16211,0.09491,0.11005
6754.0,0.09217,0.10121,0.11568,0.14048,0.18258,0.1379,0.12788,0.10209
6756.0,0.11018,0.1004,0.09125,0.2208,0.1459,0.10565,0.12608,0.09972
6775.0,0.11281,0.12898,0.09556,0.22121,0.06744,0.13967,0.14242,0.09191
6776.0,0.12312,0.11531,0.10654,0.13131,0.1029,0.15144,0.17611,0.09328
6778.0,0.13097,0.15085,0.08048,0.27454,0.05626,0.10601,0.09621,0.10468
6785.0,0.11572,0.12694,0.08809,0.25239,0.0959,0.11767,0.10441,0.09888
6787.0,0.11009,0.1382,0.1072,0.19722,0.09815,0.13029,0.11182,0.10704
6788.0,0.09947,0.16211,0.13911,0.15587,0.11292,0.11679,0.11165,0.10209
6854.0,0.11122,0.09625,0.10282,0.16143,0.1936,0.09104,0.14865,0.095
6856.0,0.07013,0.15016,0.10481,0.09659,0.2332,0.09155,0.17864,0.07492
6867.0,0.09186,0.16378,0.11855,0.13793,0.13545,0.13381,0.1047,0.11391
6876.0,0.10773,0.12398,0.09365,0.13381,0.16082,0.14662,0.12491,0.10848
6878.0,0.08777,0.11823,0.12112,0.15909,0.1622,0.12663,0.12063,0.10432
6879.0,0.09933,0.1259,0.09745,0.15776,0.17099,0.13312,0.11243,0.10301
6880.0,0.09307,0.13003,0.10089,0.14633,0.19153,0.12374,0.11465,0.09977
6899.0,0.10041,0.1201,0.0956,0.22507,0.12759,0.11773,0.11651,0.09699
6900.0,0.09288,0.11373,0.08834,0.26223,0.10934,0.11626,0.11581,0.10141
6911.0,0.10579,0.12499,0.12358,0.14229,0.14885,0.14026,0.1234,0.09084
6912.0,0.111,0.14624,0.10797,0.14741,0.11731,0.15799,0.11763,0.09445
6914.0,0.10416,0.1391,0.08307,0.16177,0.132,0.16196,0.11603,0.10192
6915.0,0.09475,0.14418,0.1055,0.18279,0.11844,0.1342,0.11953,0.10061
6929.0,0.1171,0.10042,0.09271,0.23645,0.10851,0.11009,0.13629,0.09843
6938.0,0.10273,0.08829,0.12581,0.24389,0.09199,0.1295,0.11886,0.09894
6939.0,0.10123,0.10214,0.08843,0.29692,0.07508,0.11452,0.13514,0.08654
6948.0,0.09781,0.12789,0.09675,0.18858,0.11746,0.14921,0.12374,0.09857
6950.0,0.10354,0.11331,0.10178,0.18875,0.13258,0.13724,0.12635,0.09645
6951.0,0.10942,0.11907,0.09264,0.16691,0.13555,0.14864,0.12458,0.10319
6958.0,0.12033,0.08953,0.10153,0.24208,0.08997,0.11373,0.13912,0.10372
6963.0,0.10931,0.10326,0.09105,0.27683,0.07723,0.10948,0.1326,0.10024
6968.0,0.10745,0.09324,0.10322,0.26984,0.09152,0.10007,0.13914,0.09553
6989.0,0.08388,0.12766,0.07132,0.36266,0.04584,0.11551,0.10992,0.0832
6996.0,0.11935,0.11211,0.06025,0.35957,0.05524,0.10596,0.10625,0.08128
7010.0,0.08339,0.14312,0.09291,0.25322,0.09234,0.14161,0.09571,0.0977
7011.0,0.09875,0.13332,0.09317,0.23091,0.10056,0.14445,0.09943,0.09942
7012.0,0.1072,0.13342,0.08785,0.19646,0.1251,0.14477,0.10304,0.10217
7013.0,0.09514,0.13555,0.08958,0.2358,0.09137,0.15353,0.10706,0.09198
7026.0,0.08796,0.13573,0.09311,0.23926,0.1307,0.10582,0.11072,0.09671
7030.0,0.12095,0.13304,0.0913,0.14493,0.13778,0.14289,0.12948,0.09963
7031.0,0.1135,0.11879,0.10669,0.16879,0.12918,0.136,0.12457,0.10249
7034.0,0.10682,0.12514,0.09347,0.21015,0.12223,0.13058,0.11104,0.10056
7041.0,0.0991,0.11047,0.09733,0.24674,0.10018,0.13324,0.11206,0.10089
7042.0,0.09356,0.1361,0.09057,0.16612,0.15322,0.13726,0.11741,0.10575
7046.0,0.092,0.11557,0.09955,0.242,0.11897,0.1184,0.11375,0.09976
7048.0,0.09688,0.1307,0.09717,0.19465,0.13574,0.13039,0.11471,0.09976
7049.0,0.10321,0.12166,0.0952,0.18097,0.1579,0.12563,0.11192,0.10351
7050.0,0.10765,0.11393,0.09451,0.19024,0.1423,0.12768,0.13284,0.09085
7051.0,0.10827,0.12857,0.08547,0.20009,0.11284,0.13802,0.13314,0.0936
7052.0,0.10675,0.10951,0.09943,0.23472,0.11217,0.12442,0.12656,0.08645
7053.0,0.09483,0.11139,0.10324,0.25041,0.10316,0.1144,0.13103,0.09154
7145.0,0.08555,0.26207,0.07804,0.15004,0.11624,0.1069,0.10399,0.09715
7148.0,0.09771,0.12889,0.09077,0.19828,0.097,0.18332,0.0979,0.10612
7157.0,0.11415,0.12221,0.08952,0.17111,0.13704,0.1685,0.09183,0.10564
7242.0,0.09586,0.11396,0.14245,0.18595,0.08625,0.18412,0.07361,0.1178
7280.0,0.0991,0.09566,0.10577,0.22476,0.12776,0.11985,0.12628,0.10081
7281.0,0.09757,0.11152,0.10059,0.20012,0.12249,0.13336,0.13085,0.10351
7283.0,0.1039,0.10731,0.1142,0.14002,0.16835,0.13584,0.12993,0.10044
7290.0,0.09878,0.12074,0.09189,0.16469,0.16138,0.13348,0.12369,0.10535
7296.0,0.08835,0.10629,0.10964,0.20489,0.14395,0.11753,0.12757,0.10177
7317.0,0.09684,0.11456,0.10467,0.13183,0.19541,0.1493,0.094,0.1134
7389.0,0.11541,0.11189,0.0992,0.22002,0.11699,0.13529,0.10723,0.09396
7390.0,0.08824,0.1416,0.09194,0.22119,0.12812,0.12456,0.10793,0.0964
7391.0,0.10838,0.13395,0.08916,0.19065,0.14035,0.13282,0.1004,0.10429
7392.0,0.10912,0.10439,0.09909,0.20026,0.11902,0.15485,0.10099,0.11228
7393.0,0.09041,0.12368,0.09278,0.14907,0.19423,0.14161,0.1031,0.10512
7394.0,0.08716,0.13031,0.09921,0.11297,0.22535,0.13718,0.10356,0.10426
7395.0,0.08246,0.1206,0.09896,0.11121,0.25335,0.12729,0.10128,0.10485
7396.0,0.09101,0.11707,0.09289,0.13471,0.1889,0.17071,0.09912,0.10558
7475.0,0.09763,0.143,0.08576,0.16702,0.145,0.14115,0.11419,0.10625
7478.0,0.09259,0.1003,0.10529,0.29608,0.09002,0.10701,0.11617,0.09255
7479.0,0.09742,0.13007,0.09735,0.13642,0.17444,0.14752,0.11768,0.0991
7483.0,0.1161,0.09779,0.11004,0.16616,0.13532,0.13932,0.13012,0.10515
7499.0,0.11363,0.11976,0.08719,0.20049,0.09892,0.15091,0.12478,0.10432
7500.0,0.11006,0.11146,0.10141,0.17759,0.14012,0.122,0.12971,0.10766
7501.0,0.10873,0.10437,0.10738,0.20531,0.10453,0.14904,0.12076,0.09987
7502.0,0.10135,0.09074,0.12945,0.18754,0.14465,0.12604,0.12211,0.09814
