fund number,Beta1,Beta2,Beta3,Beta4,Beta5,Beta6,Beta7,Beta8
2708.0,0.10875,0.10226,0.11993,0.15799,0.15264,0.12835,0.12234,0.10774
2769.0,0.08198,0.11846,0.08562,0.30992,0.08571,0.11324,0.11192,0.09315
2770.0,0.08163,0.11857,0.08536,0.31176,0.08482,0.11296,0.11175,0.09314
2772.0,0.08249,0.11835,0.08536,0.30886,0.08559,0.11403,0.11209,0.09322
2776.0,0.089,0.13129,0.1033,0.19222,0.11272,0.17403,0.0902,0.10724
2801.0,0.08775,0.11625,0.09109,0.14224,0.19261,0.15214,0.11637,0.10155
2805.0,0.0878,0.11753,0.08926,0.13575,0.18847,0.15934,0.12198,0.09987
2889.0,0.09482,0.12312,0.09175,0.24212,0.09282,0.16116,0.09218,0.10203
2897.0,0.09495,0.12118,0.09235,0.24004,0.0937,0.16368,0.09199,0.10212
2899.0,0.09871,0.1157,0.10937,0.17793,0.13831,0.13842,0.11835,0.1032
2907.0,0.10485,0.10201,0.10553,0.15811,0.14286,0.18265,0.09903,0.10496
2909.0,0.10309,0.10364,0.10493,0.15944,0.14405,0.18132,0.09858,0.10496
2914.0,0.09875,0.11637,0.10843,0.17905,0.13689,0.13916,0.11837,0.10299
2916.0,0.10211,0.10322,0.10683,0.16207,0.14333,0.1791,0.09851,0.10483
2918.0,0.09932,0.11528,0.10938,0.17713,0.13832,0.13901,0.11852,0.10305
2920.0,0.0842,0.12263,0.09748,0.24779,0.11022,0.12794,0.10595,0.10379
2939.0,0.10388,0.10275,0.10576,0.1578,0.14491,0.18155,0.09871,0.10464
2940.0,0.10374,0.10175,0.1072,0.16007,0.14549,0.17875,0.0985,0.1045
2942.0,0.10338,0.10288,0.10591,0.16175,0.1414,0.18131,0.09892,0.10446
2951.0,0.09977,0.11561,0.10867,0.17623,0.13875,0.13937,0.11851,0.10309
2952.0,0.0997,0.11607,0.1078,0.17791,0.13671,0.13994,0.1187,0.10317
2954.0,0.0876,0.11727,0.09818,0.24746,0.11131,0.12922,0.10613,0.10283
2956.0,0.08643,0.11947,0.09884,0.2472,0.1116,0.12695,0.10608,0.10343
2958.0,0.08654,0.11752,0.0986,0.24942,0.11057,0.12815,0.10648,0.10272
3087.0,0.10544,0.10218,0.10598,0.16419,0.13933,0.17847,0.09858,0.10584
3088.0,0.1054,0.10192,0.10653,0.16384,0.14032,0.17771,0.09856,0.10573
3089.0,0.1056,0.102,0.10619,0.16311,0.14052,0.17806,0.09877,0.10576
3300.0,0.11148,0.10401,0.09587,0.24451,0.11431,0.14852,0.08156,0.09973
3301.0,0.11882,0.09671,0.09583,0.24404,0.11006,0.15755,0.08009,0.0969
3302.0,0.11954,0.09539,0.09518,0.24793,0.11161,0.15316,0.07799,0.09921
3337.0,0.08998,0.11889,0.10198,0.17718,0.15216,0.14099,0.11367,0.10515
3338.0,0.08926,0.1184,0.10332,0.17866,0.15136,0.14092,0.11339,0.1047
3339.0,0.09022,0.11957,0.1014,0.17865,0.15031,0.14127,0.11396,0.10462
3340.0,0.08855,0.11944,0.10291,0.179,0.15116,0.14044,0.11335,0.10516
3349.0,0.09265,0.12271,0.10311,0.13521,0.17729,0.15262,0.10415,0.11226
3350.0,0.09303,0.12207,0.10321,0.13441,0.17938,0.15233,0.1041,0.11147
3351.0,0.09279,0.12267,0.10271,0.13464,0.17962,0.15156,0.10434,0.11168
3375.0,0.09468,0.11966,0.10457,0.15282,0.17337,0.1464,0.09321,0.11529
3376.0,0.09477,0.11951,0.10459,0.15275,0.17297,0.14678,0.09324,0.11539
3377.0,0.09438,0.12011,0.10452,0.15303,0.1732,0.1463,0.09314,0.11531
3449.0,0.10507,0.10891,0.12298,0.15254,0.14718,0.12934,0.12874,0.10523
3452.0,0.08755,0.13722,0.09797,0.14174,0.14363,0.17772,0.11643,0.09775
3459.0,0.08798,0.13724,0.09755,0.14213,0.14273,0.17805,0.11662,0.0977
3463.0,0.10513,0.10862,0.12316,0.1514,0.14891,0.12872,0.12884,0.10522
3475.0,0.08755,0.13808,0.09742,0.14082,0.14372,0.17802,0.11667,0.09771
3480.0,0.10552,0.10825,0.12297,0.15159,0.14903,0.12858,0.1287,0.10535
3481.0,0.10535,0.10878,0.12329,0.1511,0.14899,0.12871,0.12861,0.10517
3499.0,0.08759,0.13722,0.09772,0.14219,0.14352,0.17726,0.1166,0.0979
3565.0,0.09824,0.1116,0.11089,0.18717,0.11744,0.17667,0.08389,0.11409
3566.0,0.10513,0.08224,0.10287,0.15374,0.23225,0.10822,0.1113,0.10425
3569.0,0.0864,0.12891,0.09875,0.16104,0.16623,0.1344,0.12294,0.10133
3595.0,0.08329,0.13549,0.09541,0.11157,0.19552,0.17246,0.10865,0.0976
3597.0,0.1071,0.10096,0.13113,0.15873,0.16407,0.12611,0.1014,0.1105
3613.0,0.10972,0.07623,0.10133,0.12974,0.25698,0.11032,0.11601,0.09967
3621.0,0.11156,0.09214,0.13046,0.13725,0.16558,0.12444,0.12422,0.11435
3693.0,0.09276,0.13934,0.10472,0.16525,0.1438,0.13223,0.12267,0.09923
3704.0,0.09603,0.13499,0.10595,0.16317,0.14621,0.13256,0.12213,0.09896
3720.0,0.08397,0.12835,0.10441,0.14658,0.17569,0.1589,0.10292,0.09918
3799.0,0.11803,0.11104,0.11622,0.14544,0.14214,0.1401,0.12066,0.10639
3800.0,0.11465,0.11035,0.11772,0.15119,0.13668,0.14171,0.12108,0.10662
3801.0,0.11456,0.11183,0.11753,0.15059,0.1395,0.13961,0.12014,0.10624
3802.0,0.11741,0.11095,0.11637,0.15129,0.13517,0.14192,0.12073,0.10616
3803.0,0.11556,0.1121,0.11601,0.15185,0.13643,0.14085,0.12072,0.10649
3805.0,0.11671,0.11311,0.11811,0.14747,0.1353,0.13983,0.12173,0.10773
3806.0,0.11675,0.11092,0.11959,0.14976,0.13495,0.13897,0.12134,0.1077
3807.0,0.11593,0.11558,0.11717,0.14876,0.13547,0.13872,0.12085,0.10753
3808.0,0.11736,0.11371,0.11766,0.14715,0.13713,0.13867,0.12081,0.10751
3809.0,0.11617,0.11662,0.11621,0.14803,0.13434,0.13965,0.12121,0.10777
3810.0,0.11815,0.1105,0.12556,0.14177,0.13565,0.13694,0.12253,0.10889
3811.0,0.11803,0.11191,0.12293,0.14172,0.13588,0.13738,0.12288,0.10928
3812.0,0.11766,0.11121,0.1236,0.1452,0.13053,0.13964,0.12314,0.10903
3813.0,0.11844,0.11404,0.12112,0.14145,0.13514,0.13779,0.12296,0.10907
3815.0,0.1169,0.11365,0.1226,0.14062,0.13685,0.13734,0.12238,0.10966
3816.0,0.12035,0.11344,0.12535,0.13265,0.13413,0.13622,0.12488,0.11298
3817.0,0.11995,0.11408,0.12596,0.13235,0.13536,0.13495,0.12464,0.11271
3818.0,0.12135,0.11182,0.12659,0.13242,0.13278,0.13671,0.12556,0.11277
3819.0,0.12176,0.11454,0.12512,0.13063,0.13408,0.13643,0.12497,0.11247
3820.0,0.11996,0.11458,0.12647,0.13121,0.13577,0.13467,0.12503,0.1123
3923.0,0.12677,0.10109,0.11499,0.17215,0.11068,0.13592,0.13177,0.10663
3930.0,0.1241,0.10272,0.10989,0.18389,0.10549,0.13564,0.1315,0.10676
3936.0,0.12674,0.1123,0.10903,0.17173,0.10479,0.13542,0.13244,0.10755
3964.0,0.1051,0.1173,0.11349,0.15996,0.14269,0.13756,0.11204,0.11187
3971.0,0.09766,0.10518,0.09914,0.20535,0.13993,0.13201,0.11694,0.10378
3972.0,0.09615,0.10553,0.09982,0.20704,0.13892,0.13188,0.11684,0.10382
3973.0,0.09702,0.10591,0.09871,0.20639,0.13955,0.13169,0.11643,0.10431
3974.0,0.10574,0.11164,0.11577,0.16213,0.14462,0.13754,0.11101,0.11154
3975.0,0.09787,0.10345,0.10006,0.20692,0.1393,0.13194,0.11671,0.10374
3982.0,0.10525,0.11322,0.11467,0.15918,0.14883,0.13559,0.11132,0.11193
3992.0,0.10801,0.11168,0.11358,0.1581,0.14653,0.13961,0.11093,0.11155
4074.0,0.08949,0.11217,0.10553,0.13789,0.19898,0.14603,0.10949,0.10042
4075.0,0.09031,0.11131,0.10529,0.13796,0.19942,0.14581,0.10951,0.10038
4076.0,0.09007,0.11153,0.1057,0.13833,0.19851,0.14594,0.10945,0.10047
4077.0,0.09074,0.1111,0.10547,0.13848,0.19741,0.14624,0.10971,0.10084
4128.0,0.09465,0.09543,0.10628,0.14434,0.22816,0.12186,0.10562,0.10364
4129.0,0.09302,0.09223,0.11034,0.14276,0.23356,0.11958,0.10461,0.1039
4130.0,0.09479,0.09569,0.10514,0.14632,0.22395,0.12461,0.10575,0.10375
4131.0,0.09443,0.09279,0.10876,0.14489,0.23122,0.11989,0.10386,0.10416
4132.0,0.09071,0.09209,0.1117,0.14686,0.22993,0.11952,0.10531,0.10389
4133.0,0.09611,0.09182,0.10672,0.13937,0.24021,0.1187,0.10417,0.10289
4134.0,0.09813,0.0924,0.10652,0.13461,0.24509,0.11655,0.1035,0.10321
4301.0,0.10148,0.0946,0.08999,0.32647,0.0651,0.11574,0.11822,0.0884
4366.0,0.1079,0.1005,0.115,0.17065,0.13182,0.14285,0.13118,0.10009
4367.0,0.10801,0.10163,0.11396,0.1678,0.13588,0.14123,0.13106,0.10042
4368.0,0.10822,0.10064,0.11571,0.17257,0.13058,0.14123,0.13063,0.10042
4369.0,0.10745,0.10062,0.11481,0.17012,0.13334,0.14221,0.13119,0.10026
4370.0,0.10877,0.09987,0.11379,0.17043,0.13263,0.14331,0.13111,0.1001
4371.0,0.10714,0.1019,0.1149,0.17083,0.1337,0.14092,0.13053,0.10009
4372.0,0.10536,0.10096,0.11568,0.17226,0.13175,0.14264,0.13124,0.10012
4373.0,0.10618,0.10077,0.11757,0.17303,0.13202,0.13998,0.13016,0.10028
4375.0,0.10675,0.10089,0.11663,0.16869,0.1358,0.14063,0.13053,0.10007
4376.0,0.10639,0.10283,0.11629,0.16846,0.13463,0.14037,0.13025,0.10079
4377.0,0.1097,0.10166,0.11662,0.1642,0.13659,0.1403,0.13017,0.10077
4378.0,0.10614,0.10129,0.11987,0.17131,0.13178,0.13877,0.12975,0.10108
4379.0,0.10946,0.10127,0.1202,0.16392,0.13649,0.13827,0.12845,0.10194
4380.0,0.10995,0.09849,0.12366,0.16469,0.13476,0.13748,0.12805,0.10292
4381.0,0.10938,0.10105,0.12038,0.16488,0.13521,0.13842,0.12831,0.10237
4382.0,0.11039,0.10301,0.12253,0.15769,0.13789,0.13671,0.12816,0.10362
4383.0,0.1112,0.10079,0.12598,0.15992,0.13549,0.13535,0.12755,0.10372
4385.0,0.11021,0.10058,0.12717,0.16071,0.13654,0.13381,0.12755,0.10343
4386.0,0.11349,0.10304,0.12674,0.15289,0.13741,0.13378,0.12741,0.10525
4387.0,0.11335,0.1029,0.12589,0.15093,0.14049,0.1339,0.12759,0.10494
4388.0,0.11437,0.10104,0.12728,0.15401,0.13535,0.13449,0.12767,0.10579
4389.0,0.11694,0.10376,0.12671,0.14613,0.14055,0.13196,0.12689,0.10708
4390.0,0.1153,0.10236,0.12892,0.14886,0.13704,0.13293,0.12758,0.107
4391.0,0.11678,0.10159,0.1287,0.14746,0.13754,0.13297,0.12728,0.10767
4399.0,0.10932,0.1015,0.11416,0.16585,0.13675,0.14117,0.13105,0.10018
4400.0,0.105,0.10215,0.11529,0.17185,0.13324,0.14129,0.13101,0.10018
4401.0,0.10776,0.09962,0.11563,0.1697,0.13441,0.1416,0.13121,0.10007
4402.0,0.10718,0.0996,0.11561,0.17138,0.1324,0.14252,0.13138,0.09993
4403.0,0.10624,0.10059,0.11573,0.17089,0.13376,0.14175,0.131,0.10003
4404.0,0.10798,0.10008,0.11566,0.17023,0.13405,0.14127,0.13076,0.09997
4405.0,0.10741,0.10073,0.11503,0.17025,0.13309,0.14225,0.13099,0.10025
4406.0,0.10669,0.10147,0.11464,0.17006,0.13388,0.14211,0.13096,0.10019
4407.0,0.10817,0.1014,0.11343,0.16927,0.1352,0.14142,0.13078,0.10034
4408.0,0.10603,0.10104,0.116,0.17007,0.13346,0.14212,0.13113,0.10015
4409.0,0.10627,0.10141,0.11524,0.17082,0.13309,0.14207,0.13097,0.10012
4410.0,0.1076,0.09886,0.1173,0.17446,0.13027,0.14097,0.13011,0.10043
4411.0,0.10623,0.10209,0.11926,0.17018,0.13208,0.13891,0.12986,0.1014
4412.0,0.1068,0.10147,0.11735,0.16854,0.13383,0.14085,0.13056,0.10059
4414.0,0.10832,0.10122,0.11823,0.16934,0.13166,0.13986,0.12985,0.10152
4415.0,0.10848,0.10178,0.11665,0.16628,0.13512,0.14037,0.13051,0.10082
4416.0,0.10975,0.10163,0.11982,0.16216,0.13829,0.13803,0.1282,0.10212
4417.0,0.10798,0.099,0.12455,0.16912,0.13146,0.13752,0.12795,0.1024
4418.0,0.10984,0.10161,0.11955,0.16226,0.13788,0.1383,0.12826,0.10229
4419.0,0.10988,0.09933,0.12443,0.16595,0.13438,0.13637,0.1276,0.10205
4420.0,0.11143,0.1031,0.12255,0.1573,0.13787,0.13619,0.12798,0.10359
4421.0,0.10988,0.10006,0.12648,0.16294,0.13333,0.13604,0.1278,0.10346
4422.0,0.11004,0.10067,0.12366,0.16003,0.1368,0.13678,0.12808,0.10395
4424.0,0.11179,0.10232,0.12233,0.15786,0.13622,0.13795,0.12827,0.10327
4425.0,0.11322,0.10299,0.127,0.1522,0.13851,0.13337,0.12743,0.10527
4426.0,0.11223,0.10237,0.12818,0.15408,0.13639,0.13368,0.12765,0.10542
4427.0,0.11352,0.10247,0.12669,0.15349,0.13627,0.13398,0.12778,0.1058
4428.0,0.11302,0.10312,0.12641,0.15298,0.1377,0.13399,0.12748,0.1053
4429.0,0.11583,0.10295,0.12798,0.14666,0.1408,0.13189,0.12697,0.10691
4430.0,0.1151,0.10258,0.12748,0.14916,0.13707,0.13348,0.12768,0.10744
4431.0,0.11509,0.10151,0.13082,0.14918,0.13691,0.13238,0.1272,0.10691
4432.0,0.11414,0.10352,0.12907,0.14872,0.13835,0.13202,0.12695,0.10723
4519.0,0.09689,0.10962,0.10502,0.19217,0.14029,0.1368,0.11479,0.10443
4520.0,0.09579,0.10943,0.10658,0.19516,0.13776,0.13628,0.1149,0.10411
4521.0,0.09883,0.11139,0.10274,0.19154,0.13688,0.13907,0.11512,0.10443
4522.0,0.09732,0.11112,0.10423,0.192,0.13778,0.1382,0.11548,0.10388
4523.0,0.09587,0.11141,0.10374,0.19386,0.13737,0.13843,0.11484,0.10448
4524.0,0.09772,0.10914,0.1044,0.19231,0.13768,0.13909,0.11547,0.10419
4525.0,0.09858,0.11253,0.1021,0.19261,0.13376,0.14085,0.11503,0.10453
4526.0,0.08817,0.11755,0.09386,0.12029,0.22206,0.14286,0.11379,0.10142
4527.0,0.09208,0.11829,0.08851,0.11244,0.21723,0.15267,0.11917,0.09961
4528.0,0.08783,0.1175,0.09365,0.12136,0.22194,0.14256,0.11378,0.10139
4529.0,0.08795,0.11723,0.09377,0.12067,0.22237,0.14281,0.11378,0.10142
4530.0,0.08798,0.11716,0.09357,0.1198,0.22243,0.14361,0.11394,0.10151
4531.0,0.08759,0.11898,0.09296,0.11959,0.22279,0.14307,0.11362,0.10141
4544.0,0.10845,0.12073,0.09713,0.15385,0.1469,0.15757,0.11495,0.10043
4545.0,0.10818,0.12151,0.09689,0.15452,0.14566,0.15798,0.11486,0.1004
4546.0,0.10833,0.12136,0.09678,0.15431,0.14487,0.15886,0.11509,0.1004
4547.0,0.1083,0.12122,0.09698,0.15375,0.14657,0.15792,0.11479,0.10048
4548.0,0.10767,0.12109,0.09716,0.15475,0.14537,0.15839,0.11504,0.10053
4549.0,0.10788,0.12106,0.09713,0.15384,0.14659,0.1582,0.11496,0.10035
4550.0,0.10886,0.1196,0.09752,0.1549,0.14574,0.15839,0.11476,0.10023
4564.0,0.0845,0.14489,0.08801,0.13273,0.18859,0.16155,0.09887,0.10085
4565.0,0.08439,0.14605,0.08727,0.13288,0.18908,0.16073,0.09878,0.10081
4566.0,0.08345,0.14677,0.08796,0.13347,0.18793,0.16065,0.09881,0.10096
4567.0,0.08424,0.14608,0.08729,0.13283,0.18858,0.16165,0.09867,0.10065
4568.0,0.08331,0.14493,0.08854,0.13321,0.18882,0.16128,0.09908,0.10082
4569.0,0.08422,0.14495,0.08848,0.133,0.19041,0.15972,0.09863,0.10058
4570.0,0.08348,0.14648,0.08807,0.13259,0.19005,0.15967,0.09882,0.10085
4682.0,0.09052,0.11852,0.09118,0.11455,0.21623,0.15003,0.11914,0.09983
4700.0,0.09834,0.17451,0.09239,0.12235,0.15546,0.14054,0.11369,0.10273
4732.0,0.0877,0.12513,0.10432,0.14831,0.16384,0.15931,0.11305,0.09833
4738.0,0.08489,0.125,0.10672,0.14665,0.16196,0.16246,0.11501,0.09733
4777.0,0.08771,0.12532,0.10393,0.14882,0.16299,0.15991,0.1129,0.09841
4781.0,0.08747,0.12504,0.10441,0.14903,0.16312,0.1595,0.11302,0.09841
4908.0,0.08362,0.15524,0.10092,0.15883,0.14508,0.15088,0.10458,0.10085
4909.0,0.08383,0.15509,0.10058,0.15962,0.14524,0.15,0.10452,0.10113
4911.0,0.08021,0.16031,0.10192,0.14767,0.15284,0.15095,0.10655,0.09955
4915.0,0.08049,0.13032,0.09829,0.1364,0.19154,0.1567,0.1046,0.10166
4917.0,0.08185,0.13104,0.09731,0.13749,0.19135,0.1549,0.1039,0.10215
4918.0,0.09006,0.11779,0.1036,0.13318,0.19441,0.15855,0.09244,0.10998
4919.0,0.08408,0.15444,0.10134,0.15751,0.14681,0.15012,0.10459,0.10111
4921.0,0.08134,0.13141,0.09733,0.13869,0.18774,0.15724,0.10439,0.10187
4924.0,0.08426,0.15368,0.10129,0.1599,0.14269,0.15233,0.10434,0.10153
4925.0,0.08107,0.12988,0.09874,0.13911,0.1883,0.15638,0.10456,0.10195
4926.0,0.08198,0.12943,0.09709,0.13665,0.19237,0.15626,0.10466,0.10156
4927.0,0.07988,0.13147,0.09857,0.13915,0.18782,0.15652,0.10486,0.10173
4928.0,0.0855,0.15096,0.10233,0.1587,0.14695,0.14951,0.10469,0.10136
4944.0,0.10706,0.0923,0.11996,0.17859,0.14114,0.12893,0.1314,0.10062
4945.0,0.11124,0.09675,0.12406,0.16458,0.14147,0.12676,0.13077,0.10437
4954.0,0.10638,0.10714,0.11862,0.16606,0.14235,0.13091,0.1252,0.10333
4955.0,0.10551,0.11001,0.11716,0.1645,0.14373,0.13076,0.12498,0.10335
4956.0,0.10528,0.10897,0.11794,0.16551,0.14251,0.13099,0.12534,0.10346
4957.0,0.10605,0.10834,0.11771,0.16627,0.14062,0.13186,0.12565,0.10349
4958.0,0.10725,0.11084,0.11558,0.15957,0.14373,0.1307,0.12663,0.10571
4959.0,0.10638,0.10923,0.11779,0.16034,0.14374,0.13042,0.12657,0.10552
4960.0,0.1077,0.10811,0.11885,0.16187,0.14093,0.13031,0.12642,0.10581
4961.0,0.10625,0.10883,0.12017,0.16145,0.14225,0.12944,0.1261,0.1055
4976.0,0.08576,0.12749,0.09819,0.15958,0.16771,0.1419,0.11923,0.10015
4977.0,0.08596,0.12651,0.0986,0.15973,0.1679,0.14194,0.11921,0.10015
4978.0,0.08581,0.12611,0.09891,0.15945,0.16841,0.14181,0.11934,0.10016
4999.0,0.08549,0.12737,0.09859,0.15949,0.16848,0.14138,0.119,0.1002
5002.0,0.08547,0.1278,0.09831,0.15979,0.1679,0.1415,0.11901,0.10021
5031.0,0.08736,0.1156,0.10368,0.19048,0.14655,0.13767,0.12063,0.09803
5032.0,0.08838,0.11693,0.10221,0.18772,0.14744,0.13806,0.12077,0.0985
5033.0,0.08843,0.11692,0.1022,0.18508,0.15033,0.13782,0.12084,0.09839
5043.0,0.08809,0.09201,0.10968,0.2705,0.11555,0.10734,0.11811,0.09872
5044.0,0.08779,0.09187,0.11,0.27098,0.11536,0.10725,0.11808,0.09867
5060.0,0.0879,0.09193,0.11005,0.27036,0.1155,0.10732,0.11822,0.09872
5063.0,0.08762,0.09227,0.10938,0.27102,0.11513,0.1075,0.11834,0.09874
5073.0,0.08809,0.09228,0.10933,0.26983,0.1155,0.10767,0.11849,0.09881
5086.0,0.1101,0.09298,0.12856,0.15938,0.15096,0.12236,0.12981,0.10585
5087.0,0.11225,0.0893,0.13019,0.16487,0.14177,0.12494,0.13237,0.10432
5094.0,0.11273,0.09043,0.12923,0.16306,0.14248,0.12515,0.13196,0.10496
5095.0,0.10944,0.0945,0.13572,0.15066,0.15999,0.12021,0.12296,0.10652
5098.0,0.11006,0.09398,0.12863,0.16129,0.14741,0.12296,0.12989,0.10577
5100.0,0.11084,0.09381,0.12707,0.15885,0.15173,0.12285,0.12948,0.10537
5103.0,0.10951,0.09574,0.12649,0.15742,0.15234,0.12349,0.12995,0.10506
5145.0,0.08878,0.08944,0.11107,0.26492,0.11058,0.11267,0.12584,0.09672
5146.0,0.08572,0.11926,0.10272,0.18166,0.15088,0.13969,0.12248,0.09759
5147.0,0.08622,0.11872,0.10235,0.18265,0.15018,0.13979,0.12241,0.09768
5153.0,0.08621,0.11799,0.10325,0.1829,0.1497,0.13966,0.12274,0.09756
5254.0,0.08761,0.13706,0.1031,0.16535,0.15125,0.1361,0.11606,0.10347
5255.0,0.0877,0.13775,0.10271,0.16619,0.15021,0.13628,0.11587,0.1033
5256.0,0.08745,0.13774,0.10272,0.16621,0.15086,0.13576,0.11585,0.10341
5257.0,0.08733,0.13777,0.10279,0.16611,0.15002,0.13647,0.11599,0.10352
5258.0,0.08789,0.13705,0.1025,0.16602,0.15045,0.13648,0.11622,0.10339
5259.0,0.08758,0.13751,0.1029,0.16614,0.15049,0.13589,0.11605,0.10343
5260.0,0.08745,0.13824,0.10281,0.16563,0.1506,0.13597,0.11586,0.10344
5261.0,0.08722,0.13835,0.1032,0.16608,0.14995,0.13582,0.11593,0.10346
5262.0,0.08776,0.13739,0.1027,0.16598,0.15054,0.13621,0.11595,0.10346
5263.0,0.08825,0.13684,0.10261,0.16527,0.15165,0.13588,0.11605,0.10345
5264.0,0.08763,0.13731,0.10301,0.16629,0.15028,0.13601,0.11597,0.1035
5265.0,0.08717,0.13835,0.10283,0.16548,0.15093,0.13589,0.11598,0.10337
5266.0,0.08771,0.1374,0.10295,0.16562,0.15089,0.13601,0.11593,0.1035
5267.0,0.08773,0.13721,0.103,0.16563,0.15096,0.136,0.11599,0.10348
5268.0,0.12825,0.05001,0.1716,0.15635,0.16642,0.1338,0.09719,0.09637
5270.0,0.12662,0.02831,0.20411,0.16397,0.20495,0.08854,0.09398,0.08954
5277.0,0.11049,0.10342,0.09,0.14652,0.16724,0.16061,0.11732,0.10441
5286.0,0.11784,0.09756,0.08793,0.14445,0.15853,0.16902,0.12062,0.10405
5307.0,0.09869,0.12126,0.09988,0.18645,0.13475,0.14708,0.10375,0.10812
5361.0,0.08209,0.13405,0.09617,0.21106,0.12355,0.15026,0.10295,0.09987
5427.0,0.10921,0.12228,0.11499,0.14866,0.14996,0.13094,0.11108,0.11289
5428.0,0.10912,0.12282,0.11583,0.14827,0.14662,0.13384,0.11014,0.11335
5429.0,0.10958,0.12131,0.11539,0.15146,0.14342,0.13448,0.11132,0.11304
5449.0,0.09595,0.10143,0.11863,0.17771,0.17816,0.11893,0.10066,0.10852
5450.0,0.09589,0.10151,0.11904,0.17807,0.17715,0.11951,0.10067,0.10816
5451.0,0.1531,0.115,0.16132,0.08152,0.15923,0.11404,0.09695,0.11884
5455.0,0.15204,0.11585,0.16496,0.0805,0.15818,0.11212,0.09698,0.11938
5617.0,0.0938,0.1432,0.09105,0.17574,0.12164,0.16525,0.10672,0.1026
5655.0,0.10946,0.10847,0.11109,0.19997,0.13029,0.12899,0.10631,0.10542
5657.0,0.09803,0.10546,0.11701,0.1255,0.21505,0.13626,0.09462,0.10808
5702.0,0.07649,0.16979,0.0891,0.18549,0.10334,0.16679,0.11452,0.09447
5726.0,0.07636,0.16912,0.0902,0.18412,0.10456,0.16676,0.11436,0.09452
5736.0,0.0767,0.16854,0.08991,0.18484,0.10441,0.16641,0.11462,0.09458
5737.0,0.07627,0.16981,0.08808,0.1889,0.10156,0.16669,0.11411,0.09458
5791.0,0.0917,0.14066,0.09753,0.1668,0.15838,0.12996,0.11702,0.09795
5801.0,0.08784,0.12411,0.09138,0.14117,0.17358,0.1647,0.12174,0.09547
5802.0,0.08921,0.11936,0.09079,0.14163,0.17633,0.16534,0.12163,0.09572
5806.0,0.09446,0.12316,0.10009,0.19313,0.13635,0.14661,0.09695,0.10925
5820.0,0.08947,0.1097,0.09596,0.27028,0.10861,0.1169,0.11128,0.09781
5821.0,0.08916,0.10768,0.09647,0.27361,0.10868,0.11547,0.11167,0.09727
5843.0,0.08327,0.11488,0.08916,0.30219,0.09262,0.11943,0.10468,0.09376
5844.0,0.08334,0.11469,0.08957,0.30076,0.09276,0.1196,0.10498,0.09431
5994.0,0.08847,0.03314,0.06487,0.57355,0.01098,0.0898,0.09052,0.04867
6030.0,0.07731,0.38417,0.06991,0.08619,0.11047,0.09692,0.08944,0.08559
6032.0,0.08554,0.14671,0.10856,0.15621,0.1474,0.13968,0.11478,0.10112
6037.0,0.09299,0.12811,0.09582,0.19699,0.13186,0.13479,0.10889,0.11055
6039.0,0.09701,0.10727,0.09443,0.18718,0.1563,0.13776,0.11971,0.10034
6045.0,0.09141,0.12834,0.10192,0.20259,0.11572,0.15543,0.10069,0.1039
6076.0,0.0884,0.11428,0.0953,0.11493,0.2273,0.1467,0.10585,0.10724
6077.0,0.08696,0.11364,0.09888,0.11795,0.22214,0.14597,0.10696,0.1075
6078.0,0.08873,0.11634,0.09605,0.11492,0.21905,0.14989,0.1066,0.10842
6079.0,0.08804,0.11481,0.09569,0.11513,0.22436,0.14745,0.10644,0.10809
6080.0,0.08775,0.11705,0.09566,0.11417,0.22522,0.14601,0.10653,0.10761
6103.0,0.08942,0.11556,0.10109,0.16904,0.16594,0.14622,0.10473,0.10801
6112.0,0.08847,0.11759,0.10084,0.16602,0.17151,0.1426,0.10479,0.10819
6113.0,0.08943,0.11598,0.10064,0.16771,0.1683,0.14494,0.10468,0.10832
6114.0,0.08864,0.1168,0.10115,0.16931,0.16657,0.14413,0.1048,0.1086
6115.0,0.08962,0.11433,0.10163,0.16858,0.16825,0.14474,0.10496,0.1079
6259.0,0.11197,0.09898,0.11737,0.15186,0.16155,0.12348,0.12893,0.10585
6260.0,0.11145,0.0985,0.11747,0.15335,0.16006,0.12427,0.12914,0.10576
6380.0,0.09283,0.11149,0.10467,0.15568,0.17647,0.14456,0.1132,0.1011
6381.0,0.09279,0.11092,0.10529,0.15546,0.17763,0.14382,0.11295,0.10114
6382.0,0.09303,0.11115,0.10456,0.15553,0.17769,0.14405,0.11292,0.10107
6383.0,0.0927,0.11158,0.10475,0.15599,0.17671,0.1441,0.1131,0.10107
6384.0,0.09258,0.11186,0.1045,0.15533,0.17759,0.14399,0.11304,0.10109
6444.0,0.10258,0.11168,0.10381,0.16513,0.17436,0.12871,0.10559,0.10813
6445.0,0.10149,0.1129,0.10362,0.16624,0.17352,0.12827,0.10582,0.10816
6446.0,0.10248,0.11198,0.1032,0.16627,0.17373,0.12889,0.10583,0.10761
6447.0,0.10185,0.1131,0.10302,0.1621,0.17805,0.12888,0.10583,0.10719
6448.0,0.1035,0.1092,0.10491,0.16447,0.17658,0.12777,0.10582,0.10777
6586.0,0.10758,0.13193,0.11391,0.15262,0.14641,0.13153,0.11877,0.09726
6587.0,0.10792,0.13246,0.11295,0.15321,0.14538,0.13196,0.11876,0.09735
6588.0,0.1079,0.13274,0.11294,0.15248,0.14616,0.13171,0.11877,0.0973
6589.0,0.10785,0.13186,0.11291,0.15248,0.1472,0.13163,0.11887,0.0972
6590.0,0.10748,0.13182,0.11343,0.15303,0.14622,0.13204,0.1188,0.09719
6600.0,0.11024,0.10017,0.11637,0.15231,0.16135,0.12386,0.12968,0.10602
6601.0,0.11107,0.0977,0.11761,0.15352,0.16081,0.12435,0.12918,0.10575
6711.0,0.14287,0.09836,0.08581,0.23548,0.09526,0.11679,0.12962,0.09582
6741.0,0.0982,0.11249,0.10043,0.21796,0.11367,0.13985,0.11389,0.1035
6745.0,0.08147,0.13568,0.09525,0.2213,0.11131,0.14874,0.10555,0.10071
6790.0,0.10127,0.09373,0.09978,0.15662,0.19033,0.11416,0.14163,0.10248
6791.0,0.10182,0.09298,0.10032,0.15667,0.19051,0.11375,0.14139,0.10256
6795.0,0.10246,0.08888,0.10433,0.15636,0.18708,0.1149,0.14392,0.10207
6853.0,0.09932,0.1157,0.10226,0.18797,0.15124,0.12238,0.11323,0.1079
6896.0,0.08217,0.14995,0.08831,0.14362,0.15077,0.17461,0.11317,0.09742
6898.0,0.08158,0.1488,0.08887,0.14525,0.14923,0.17526,0.11334,0.09766
6927.0,0.10982,0.10515,0.1191,0.17918,0.11402,0.13555,0.13397,0.10322
6960.0,0.11024,0.10509,0.11897,0.17857,0.11425,0.13547,0.13405,0.10336
6966.0,0.11015,0.10538,0.11856,0.17911,0.11369,0.13579,0.13403,0.10329
7082.0,0.11043,0.13705,0.1094,0.14896,0.16148,0.10932,0.11753,0.10583
7103.0,0.08884,0.15249,0.07253,0.19539,0.09653,0.16454,0.13066,0.09902
7104.0,0.0887,0.1546,0.07149,0.19565,0.09389,0.1659,0.13077,0.099
7148.0,0.09643,0.11928,0.09779,0.18345,0.1319,0.15891,0.10494,0.10731
7157.0,0.09458,0.11697,0.10212,0.18958,0.12248,0.16953,0.09713,0.1076
7234.0,0.09299,0.131,0.10216,0.21532,0.1152,0.13031,0.11202,0.101
7235.0,0.0941,0.12929,0.10231,0.21196,0.11827,0.13124,0.11101,0.10182
7314.0,0.08818,0.14488,0.10551,0.17615,0.11932,0.13127,0.1351,0.09959
7339.0,0.08984,0.12688,0.09947,0.1425,0.16368,0.15861,0.12001,0.09901
7340.0,0.09044,0.12515,0.09979,0.14416,0.16096,0.16002,0.12011,0.09939
7341.0,0.09024,0.1271,0.09903,0.14351,0.16117,0.15963,0.12008,0.09923
7374.0,0.10567,0.11245,0.10596,0.19439,0.09963,0.1828,0.09001,0.10909
7393.0,0.09054,0.11662,0.09923,0.12923,0.20266,0.1539,0.10188,0.10594
7394.0,0.08971,0.119,0.09821,0.12834,0.19867,0.15664,0.10243,0.107
7395.0,0.08889,0.11891,0.09859,0.12873,0.20206,0.15447,0.10216,0.10619
7396.0,0.08812,0.11732,0.10043,0.13012,0.20156,0.15379,0.10203,0.10663
7445.0,0.09034,0.11906,0.09817,0.12567,0.20415,0.15283,0.10252,0.10726
7446.0,0.09055,0.12014,0.09787,0.12636,0.20103,0.15483,0.10215,0.10707
7447.0,0.08877,0.11787,0.10009,0.13053,0.2021,0.15098,0.10259,0.10707
7490.0,0.08671,0.12912,0.09401,0.14052,0.17474,0.16217,0.11673,0.096
7491.0,0.08548,0.12701,0.0945,0.14142,0.18016,0.15884,0.11657,0.09602
7492.0,0.08535,0.1271,0.09516,0.14178,0.17965,0.15858,0.1163,0.09609
7493.0,0.08449,0.12783,0.09546,0.1414,0.1804,0.15833,0.11618,0.09591
7494.0,0.0959,0.10825,0.10341,0.23633,0.0974,0.13728,0.12452,0.09691
7495.0,0.09584,0.10853,0.10288,0.23757,0.09658,0.13718,0.12452,0.09691
7497.0,0.09633,0.10789,0.10363,0.2367,0.09655,0.13746,0.12456,0.09688
7498.0,0.09714,0.10725,0.10314,0.23628,0.09703,0.1379,0.12442,0.09683
7510.0,0.08202,0.12955,0.0922,0.19741,0.14376,0.13956,0.11639,0.09911
7511.0,0.0827,0.12962,0.09159,0.19751,0.14311,0.13986,0.11633,0.09927
7768.0,0.07886,0.13354,0.09179,0.18525,0.14868,0.1436,0.1207,0.09757
7773.0,0.09674,0.10021,0.10978,0.23515,0.08828,0.14395,0.13031,0.09557
7775.0,0.08373,0.13057,0.0944,0.13581,0.17959,0.16319,0.11912,0.09359
7856.0,0.09565,0.11034,0.09861,0.20103,0.13608,0.14032,0.11681,0.10115
7865.0,0.09504,0.1106,0.099,0.20239,0.1349,0.1404,0.11662,0.10104
7875.0,0.09588,0.11088,0.09884,0.20151,0.13542,0.13997,0.11651,0.10099
7884.0,0.09574,0.1109,0.09893,0.20033,0.13609,0.14036,0.11679,0.10086
7894.0,0.09578,0.11101,0.09885,0.20068,0.136,0.14001,0.11667,0.101
7904.0,0.10418,0.11674,0.09926,0.18667,0.11674,0.16894,0.10069,0.10678
7914.0,0.08483,0.13512,0.08513,0.12483,0.20017,0.15943,0.1142,0.09629
7923.0,0.08452,0.13541,0.08557,0.12423,0.2015,0.15852,0.11394,0.09631
7928.0,0.08905,0.11304,0.09855,0.12107,0.21309,0.15554,0.10502,0.10463
7929.0,0.08409,0.13623,0.08563,0.12625,0.19819,0.159,0.11392,0.09668
7930.0,0.08541,0.13537,0.08486,0.12506,0.19858,0.16009,0.11434,0.0963
7931.0,0.08458,0.13675,0.08491,0.12424,0.19896,0.16005,0.11417,0.09632
7967.0,0.09862,0.1146,0.09385,0.1903,0.13985,0.1506,0.10316,0.109
7969.0,0.09718,0.1143,0.09558,0.19107,0.14439,0.14224,0.10651,0.10872
7971.0,0.08773,0.11533,0.10005,0.13214,0.20162,0.15252,0.10478,0.10582
7972.0,0.08572,0.1335,0.09128,0.13004,0.1794,0.1659,0.11614,0.09802
7993.0,0.08862,0.1331,0.10913,0.18713,0.13556,0.13711,0.10887,0.10047
8012.0,0.0837,0.124,0.10306,0.14222,0.17141,0.16177,0.10991,0.10394
8024.0,0.09497,0.10814,0.0996,0.13473,0.20813,0.13924,0.11236,0.10283
8032.0,0.08364,0.16497,0.07492,0.09704,0.21477,0.13253,0.14013,0.09201
8071.0,0.11693,0.10611,0.09472,0.09621,0.20623,0.14815,0.12953,0.10212
8075.0,0.11427,0.13011,0.09408,0.14178,0.16007,0.14771,0.10516,0.10682
8112.0,0.08844,0.13828,0.09417,0.12598,0.18493,0.15618,0.11228,0.09974
8116.0,0.08907,0.13792,0.09328,0.12609,0.18429,0.15718,0.1121,0.10008
8118.0,0.08889,0.13761,0.0937,0.12507,0.18435,0.15813,0.11231,0.09995
8119.0,0.08864,0.13807,0.09377,0.12635,0.1839,0.15687,0.11219,0.1002
8120.0,0.08927,0.13765,0.09274,0.12357,0.18673,0.15779,0.11228,0.09996
8143.0,0.08897,0.15312,0.07006,0.12025,0.17164,0.19648,0.10022,0.09926
8160.0,0.09011,0.13543,0.09358,0.12085,0.1872,0.15993,0.11198,0.10091
8279.0,0.0805,0.13942,0.09513,0.16137,0.16699,0.14525,0.11478,0.09656
8306.0,0.08977,0.11096,0.10292,0.17733,0.16796,0.13316,0.11574,0.10215
8314.0,0.09381,0.10794,0.10423,0.12531,0.18252,0.17199,0.11126,0.10293
8364.0,0.09133,0.11239,0.09607,0.18591,0.1603,0.13157,0.11954,0.1029
8365.0,0.09159,0.11248,0.09597,0.18517,0.16095,0.13102,0.11976,0.10306
8366.0,0.09099,0.11366,0.09536,0.18655,0.15851,0.1321,0.11984,0.10299
8367.0,0.09139,0.1132,0.09602,0.1844,0.16079,0.1313,0.11981,0.10309
8368.0,0.09228,0.11312,0.09479,0.18222,0.15908,0.13404,0.12192,0.10253
8413.0,0.10937,0.11788,0.11484,0.1422,0.15522,0.1252,0.1239,0.1114
8415.0,0.1089,0.11797,0.11522,0.14156,0.15589,0.12524,0.12392,0.11131
8417.0,0.10986,0.11507,0.11685,0.14277,0.1555,0.12475,0.12407,0.11113
8420.0,0.10021,0.11807,0.10407,0.16424,0.15421,0.12849,0.12721,0.10349
8421.0,0.10032,0.11759,0.10437,0.16451,0.15494,0.12769,0.12711,0.10347
8424.0,0.10004,0.11722,0.10475,0.16512,0.15465,0.12794,0.12703,0.10325
8561.0,0.09177,0.10292,0.0948,0.14829,0.2162,0.11884,0.12347,0.10371
8562.0,0.09154,0.1039,0.09473,0.14805,0.21634,0.11824,0.1236,0.1036
8563.0,0.09188,0.10313,0.0946,0.14864,0.21534,0.119,0.12347,0.10394
8565.0,0.09011,0.12693,0.09735,0.16361,0.17264,0.1373,0.10167,0.11038
8566.0,0.09396,0.09557,0.09869,0.13405,0.22315,0.12332,0.12945,0.10181
8572.0,0.09149,0.10381,0.09478,0.14693,0.21779,0.11816,0.12348,0.10355
8582.0,0.09099,0.09851,0.09874,0.10916,0.22819,0.17088,0.10076,0.10277
8585.0,0.09104,0.09825,0.09888,0.10936,0.22825,0.17059,0.10072,0.10292
8586.0,0.09455,0.09271,0.09948,0.09926,0.22977,0.17911,0.10497,0.10015
8588.0,0.09139,0.09859,0.09815,0.1091,0.22801,0.17127,0.10069,0.10279
8589.0,0.09103,0.09852,0.09871,0.10926,0.22843,0.17054,0.10075,0.10275
8590.0,0.09143,0.09801,0.09869,0.10917,0.22802,0.17115,0.10074,0.10279
8613.0,0.09099,0.11233,0.09461,0.19809,0.15162,0.13148,0.11689,0.10399
8616.0,0.09124,0.11172,0.09496,0.19787,0.15306,0.13061,0.11651,0.10403
8618.0,0.0911,0.11147,0.09487,0.19971,0.15019,0.13161,0.11677,0.10428
8619.0,0.09341,0.1168,0.09798,0.19283,0.14103,0.14186,0.10533,0.11076
8620.0,0.09102,0.11254,0.09447,0.19763,0.15304,0.13084,0.11646,0.10401
8621.0,0.09096,0.11233,0.09473,0.19872,0.1515,0.13106,0.11676,0.10394
8622.0,0.08566,0.12925,0.09291,0.17837,0.14343,0.15051,0.12076,0.0991
8623.0,0.0849,0.1303,0.09398,0.17693,0.14603,0.14832,0.12055,0.09899
8624.0,0.08525,0.12815,0.09353,0.17902,0.14323,0.15091,0.12124,0.09868
8625.0,0.08572,0.1286,0.0935,0.17652,0.14556,0.1505,0.12074,0.09887
8626.0,0.08585,0.12815,0.09411,0.1782,0.14503,0.149,0.12055,0.09911
8627.0,0.08876,0.12473,0.09728,0.18273,0.1449,0.14979,0.10291,0.1089
8772.0,0.11034,0.12293,0.12611,0.147,0.1399,0.14251,0.09983,0.11139
8776.0,0.11031,0.12221,0.12664,0.14621,0.14182,0.14135,0.09987,0.1116
8785.0,0.11059,0.12262,0.12595,0.14641,0.14066,0.14253,0.09975,0.11148
8786.0,0.1102,0.12195,0.12687,0.14623,0.14229,0.14127,0.09971,0.11149
8808.0,0.07911,0.14669,0.09545,0.15921,0.16506,0.14538,0.10909,0.10002
8809.0,0.09298,0.14209,0.08718,0.21438,0.11584,0.17139,0.08133,0.0948
8810.0,0.10476,0.12934,0.08461,0.22218,0.11074,0.17433,0.08086,0.09317
8811.0,0.08038,0.14652,0.09435,0.15723,0.16604,0.14651,0.10907,0.09991
8812.0,0.09677,0.1277,0.08961,0.21965,0.12183,0.16816,0.0816,0.09467
8813.0,0.079,0.14677,0.09543,0.15928,0.16549,0.14522,0.10886,0.09997
8814.0,0.08058,0.14594,0.09445,0.15627,0.16762,0.14617,0.1091,0.09987
8815.0,0.09838,0.1293,0.08976,0.22338,0.11617,0.16821,0.08059,0.09422
8816.0,0.07208,0.15955,0.09342,0.14566,0.17785,0.14255,0.10923,0.09966
8817.0,0.0996,0.1295,0.08639,0.22918,0.10996,0.17151,0.08112,0.09273
8818.0,0.07935,0.14704,0.09466,0.15833,0.16507,0.14646,0.10904,0.10005
8913.0,0.10302,0.13996,0.07309,0.25765,0.08689,0.17731,0.07229,0.0898
8914.0,0.13388,0.11914,0.06825,0.25227,0.08724,0.18626,0.06693,0.08602
8916.0,0.10109,0.13939,0.07634,0.25409,0.08922,0.17645,0.07207,0.09135
8918.0,0.12089,0.12226,0.07163,0.2568,0.09682,0.17192,0.07068,0.08899
8919.0,0.10432,0.14241,0.07164,0.24745,0.09005,0.18255,0.07293,0.08865
8959.0,0.07856,0.14335,0.09922,0.15487,0.16886,0.1443,0.11038,0.10046
8960.0,0.0792,0.14393,0.09846,0.15575,0.16616,0.14571,0.11029,0.1005
8961.0,0.07783,0.14534,0.0983,0.15685,0.16656,0.14398,0.11037,0.10077
8962.0,0.0783,0.14537,0.0978,0.15539,0.16636,0.1458,0.11052,0.10046
9005.0,0.08061,0.1476,0.09502,0.15944,0.16412,0.14385,0.10869,0.10066
9094.0,0.09375,0.10855,0.10394,0.12508,0.18353,0.17126,0.11108,0.10281
9103.0,0.0939,0.10901,0.10372,0.12378,0.1855,0.17041,0.11096,0.10272
9110.0,0.09278,0.11081,0.10292,0.1247,0.18234,0.17239,0.11144,0.10261
9158.0,0.10504,0.10516,0.11873,0.17398,0.1431,0.13033,0.11984,0.10383
9170.0,0.08756,0.12264,0.09599,0.1832,0.15175,0.1357,0.12288,0.10028
9179.0,0.0875,0.12403,0.09446,0.18626,0.14941,0.13633,0.1222,0.09981
9180.0,0.10559,0.10533,0.11775,0.17446,0.14442,0.12933,0.1196,0.10352
9184.0,0.11047,0.10878,0.12234,0.15567,0.14422,0.12895,0.12123,0.10833
9195.0,0.09585,0.09916,0.11621,0.15402,0.16133,0.16401,0.10848,0.10095
9246.0,0.08459,0.11553,0.09798,0.25524,0.11087,0.12295,0.11438,0.09847
9316.0,0.08901,0.12091,0.09632,0.19297,0.12881,0.15346,0.11855,0.09997
9327.0,0.08929,0.12027,0.0963,0.19329,0.12751,0.15443,0.11892,0.09999
9328.0,0.08909,0.12089,0.0961,0.19238,0.12843,0.15422,0.1189,0.1
9332.0,0.08914,0.1209,0.09647,0.19205,0.12875,0.15397,0.11873,0.09999
9351.0,0.08874,0.1201,0.09686,0.19295,0.12871,0.15384,0.1189,0.0999
9352.0,0.08871,0.12177,0.09584,0.19206,0.12893,0.15411,0.11874,0.09983
9401.0,0.08594,0.11448,0.09632,0.26067,0.10859,0.12212,0.11445,0.09743
9402.0,0.08534,0.11491,0.09618,0.25986,0.10933,0.12217,0.11461,0.09761
9403.0,0.08611,0.11395,0.09636,0.25919,0.10977,0.12218,0.11472,0.09771
9404.0,0.08549,0.11524,0.09619,0.25944,0.10984,0.12179,0.11428,0.09773
9407.0,0.08519,0.11577,0.09564,0.2597,0.10915,0.12239,0.11428,0.09788
9456.0,0.08857,0.10559,0.0966,0.29964,0.08745,0.11744,0.10875,0.09596
9480.0,0.08814,0.10646,0.09482,0.29908,0.08864,0.11829,0.10864,0.09593
9481.0,0.08837,0.10435,0.09606,0.30343,0.08719,0.11687,0.10846,0.09527
9482.0,0.08866,0.10527,0.09449,0.30004,0.08842,0.11835,0.10891,0.09586
9483.0,0.08789,0.10881,0.0961,0.29417,0.09075,0.11689,0.10898,0.09642
9484.0,0.08628,0.1093,0.09488,0.29818,0.08906,0.11733,0.10877,0.0962
9498.0,0.08761,0.12512,0.10009,0.19234,0.13438,0.14597,0.11583,0.09866
9593.0,0.08925,0.11048,0.09507,0.27454,0.09542,0.12196,0.11662,0.09667
9594.0,0.08772,0.11373,0.09423,0.27483,0.0941,0.12183,0.11709,0.09647
9595.0,0.08898,0.11296,0.09515,0.273,0.09582,0.12083,0.11652,0.09674
9596.0,0.08941,0.11291,0.09466,0.27325,0.09572,0.12107,0.11638,0.0966
9597.0,0.08917,0.11382,0.0946,0.27142,0.09685,0.12098,0.1168,0.09636
